k, zmp_ref_x, zmp_ref_y, zmp_real_x, zmp_real_y, com_x, com_y, foot_r_x, foot_r_y, foot_r_yaw, foot_l_x, foot_l_y, foot_l_yaw, jerk_x, jerk_y
0, 0, 0, 0, 0, 0, 0, 0, -0.0149941, 0, 0, 0.015, 0, 3.51419, 171.166
1, 0, 0, -0.000644506, -0.031392, 2.99878e-07, 1.46062e-05, 0, -0.014953, 0, 0, 0.015, 0, -0.176453, -8.59669
2, 0, 0, -0.000610345, -0.0297277, 2.08409e-06, 0.00010151, 0, -0.0148436, 0, 0, 0.015, 0, -1.32869, -64.7186
3, 0, 0, -0.000363155, -0.0176874, 5.47889e-06, 0.000266859, 0, -0.0146371, 0, 0, 0.015, 0, -1.25008, -60.8891
4, 0, 0, -0.000129351, -0.0062993, 9.90905e-06, 0.000482635, 0, -0.0143104, 0, 0, 0.015, 0, -0.788434, -38.4028
5, 0, 0, 2.01735e-05, 0.000983704, 1.47672e-05, 0.000719254, 0, -0.0138477, 0, 0, 0.015, 0, -0.354459, -17.2646
6, 0, 0, 9.00919e-05, 0.0043892, 1.96473e-05, 0.00095694, 0, -0.0132414, 0, 0, 0.015, 0, -0.0757017, -3.68678
7, 0, 0, 0.000108689, 0.00529494, 2.43546e-05, 0.00118621, 0, -0.0124926, 0, 0, 0.015, 0, 0.0573665, 2.79488
8, 0, 0, 0.000102647, 0.00500048, 2.88379e-05, 0.00140456, 0, -0.011611, 0, 0, 0.015, 0, 0.0967618, 4.71398
9, 0, 0, 8.9173e-05, 0.00434401, 3.31186e-05, 0.00161304, 0, -0.0106143, 0, 0, 0.015, 0, 0.0912413, 4.4452
10, 0, 0, 7.65554e-05, 0.00372922, 3.72425e-05, 0.00181389, 0, -0.00952722, 0, 0, 0.015, 0, 0.0721489, 3.51475
11, 0, 0, 6.73296e-05, 0.00327973, 4.1255e-05, 0.0020093, 0, -0.00837985, 0, 0, 0.015, 0, 0.0545285, 2.65464
12, 0, 0, 6.12626e-05, 0.00298443, 4.51933e-05, 0.0022011, 0, -0.00720598, 0, 0, 0.015, 0, 0.042953, 2.08665
13, 0, 0, 5.72737e-05, 0.00279113, 4.90857e-05, 0.00239066, 0, -0.00604098, 0, 0, 0.015, 0, 0.0369728, 1.78844
14, 0, 0, 5.43588e-05, 0.00265139, 5.29548e-05, 0.00257909, 0, -0.00491971, 0, 0, 0.015, 0, 0.0346133, 1.66523
15, 0, 0, 5.18727e-05, 0.00253406, 5.68197e-05, 0.00276729, 0, -0.00387435, 0, 0, 0.015, 0, 0.0340517, 1.63381
16, 0, 0, 4.95034e-05, 0.00242313, 6.06984e-05, 0.00295615, 0, -0.00293252, 0, 0, 0.015, 0, 0.0341215, 1.65005
17, 0, 0, 4.71525e-05, 0.00231072, 6.46084e-05, 0.0031465, 0, -0.00211558, 0, 0, 0.015, 0, 0.0342551, 1.70766
18, 0, 0, 4.48259e-05, 0.00219007, 6.85671e-05, 0.00333918, 0, -0.00143734, 0, 0, 0.015, 0, 0.0342942, 1.82302
19, 0, 0, 4.25583e-05, 0.00205147, 7.2592e-05, 0.00353508, 0, -0.000903241, 0, 0, 0.015, 0, 0.0342719, 2.00829
20, 0, 0, 4.03786e-05, 0.00188303, 7.67007e-05, 0.00373513, 0, -0.000510014, 0, 0, 0.015, 0, 0.0342728, 2.22729
21, 0, 0, 3.83001e-05, 0.00167959, 8.09108e-05, 0.00394038, 0, -0.000245878, 0, 0, 0.015, 0, 0.0343557, 2.33037
22, 0, 0, 3.63253e-05, 0.00146356, 8.52398e-05, 0.00415193, 0, -9.12548e-05, 0, 0, 0.015, 0, 0.0345435, 1.98051
23, 0, 0, 3.44525e-05, 0.0013192, 8.97053e-05, 0.00437097, 0, -1.9952e-05, 0, 0, 0.015, 0, 0.0348505, 0.621588
24, 0, 0, 3.26776e-05, 0.00143257, 9.4325e-05, 0.0045984, 0, -7.43463e-07, 0, 0, 0.015, 0, 0.0352829, -2.39773
25, 0, 0, 3.09954e-05, 0.00210853, 9.91168e-05, 0.0048344, 0, 0, 0, 0, 0.015, 0, 0.0358426, -7.35802
26, 0, 0.000514403, 2.94007e-05, 0.00370182, 0.000104099, 0.00507759, 0, 0, 0, 0, 0.015, 0, 0.0365293, -13.1446
27, 0, 0.00388889, 2.78885e-05, 0.00636021, 0.000109289, 0.00532413, 0, 0, 0, 0, 0.015, 0, 0.0373427, -16.5195
28, 0, 0.00874486, 2.64542e-05, 0.00963466, 0.000114707, 0.00556748, 0, 0, 0, 0, 0.015, 0, 0.0382828, -15.4296
29, 0, 0.013107, 2.50938e-05, 0.0126979, 0.000120371, 0.00579958, 0, 0, 0, 0, 0.015, 9.59633e-32, 0.0393506, -10.6067
30, 0, 0.015, 2.38034e-05, 0.0148573, 0.0001263, 0.00601284, 0, 0, 0, 0, 0.015, 0.000215664, 0.0405475, -5.05344
31, 0, 0.015, 2.25795e-05, 0.0159736, 0.000132516, 0.0062019, 0, 0, 0, 0, 0.015, 0.000839496, 0.0418757, -1.17073
32, 0, 0.015, 2.14188e-05, 0.0163506, 0.000139039, 0.00636402, 0, 0, 0, 0, 0.015, 0.00183676, 0.0433382, 0.801872
33, 0, 0.015, 2.0318e-05, 0.0163378, 0.000145891, 0.00649844, 0, 0, 0, 0, 0.015, 0.00317272, 0.0449388, 1.42512
34, 0, 0.015, 1.92741e-05, 0.0161834, 0.000153092, 0.00660546, 0, 0, 0, 0, 0.015, 0.00481263, 0.046683, 1.33855
35, 0, 0.015, 1.82837e-05, 0.0160181, 0.000160668, 0.00668575, 0, 0, 0, 0, 0.015, 0.00672176, 0.0485775, 0.99363
36, 0, 0.015, 1.73432e-05, 0.01589, 0.00016864, 0.00673997, 0, 0, 0, 0, 0.015, 0.00886537, 0.0506301, 0.62783
37, 0, 0.015, 1.64484e-05, 0.0158034, 0.000177036, 0.00676862, 0, 0, 0, 0, 0.015, 0.0112087, 0.0528475, 0.327645
38, 0, 0.015, 1.5595e-05, 0.0157467, 0.000185879, 0.00677204, 0, 0, 0, 0, 0.015, 0.0137171, 0.0552305, 0.100266
39, 0, 0.015, 1.47798e-05, 0.0157067, 0.000195198, 0.00675039, 0, 0, 0, 0, 0.015, 0.0163557, 0.0577652, -0.0758088
40, 0, 0.015, 1.40031e-05, 0.0156739, 0.00020502, 0.00670374, 0, 0, 0, 0, 0.015, 0.0190899, 0.0604138, -0.22404
41, 0, 0.015, 1.32737e-05, 0.0156433, 0.000215376, 0.00663204, 0, 0, 0, 0, 0.015, 0.0218848, 0.0631092, -0.360079
42, 0, 0.015, 1.26139e-05, 0.0156126, 0.000226296, 0.00653519, 0, 0, 0, 0, 0.015, 0.0247058, 0.0657699, -0.491261
43, 0, 0.015, 1.20623e-05, 0.0155805, 0.000237812, 0.006413, 0, 0, 0, 0, 0.015, 0.0275181, 0.0683603, -0.620262
44, 0, 0.015, 1.16656e-05, 0.0155465, 0.000249959, 0.00626521, 0, 0, 0, 0, 0.015, 0.030287, 0.0710239, -0.750564
45, 0, 0.015, 1.14454e-05, 0.0155105, 0.00026277, 0.00609152, 0, 0, 0, 0, 0.015, 0.0329777, 0.0743061, -0.892952
46, 0, 0.015, 1.13245e-05, 0.0154744, 0.000276283, 0.00589153, 0, 0, 0, 0, 0.015, 0.0355556, 0.079421, -1.07199
47, 0, 0.015, 1.10048e-05, 0.0154444, 0.000290536, 0.00566478, 0, 0, 0, 0, 0.015, 0.0379858, 0.088383, -1.32895
48, 0, 0.015, 9.82153e-06, 0.0154341, 0.00030557, 0.00541073, 0, 0, 0, 0, 0.015, 0.0402336, 0.103549, -1.71302
49, 0, 0.015, 6.68196e-06, 0.0154664, 0.000321431, 0.00512867, 0, 0, 0, 0, 0.015, 0.0422643, 0.126005, -2.2472
50, 0, 0.015, 3.02354e-07, 0.0155678, 0.000338171, 0.00481772, 0, 0, 0, 0, 0.015, 0.0440432, 0.151942, -2.85272
51, 0, 0.015, -9.89142e-06, 0.0157502, 0.000355857, 0.00447672, 0, 0, 0, 0, 0.015, 0.0455354, 0.166712, -3.22469
52, 0, 0.015, -2.17734e-05, 0.0159694, 0.000374564, 0.00410423, 0, 0, 0, 0, 0.015, 0.0467064, 0.13781, -2.68632
53, 0, 0.015, -2.72487e-05, 0.0160568, 0.000394375, 0.00369868, 0, 0, 0, 0, 0.015, 0.0475213, 0.0117972, -0.125277
54, 0, 0.015, -8.43674e-06, 0.0156399, 0.000415351, 0.00325886, 0, 0, 0, 0, 0.015, 0.0479454, -0.273839, 5.75958
55, 0, 0.015, 6.39437e-05, 0.0141093, 0.000437486, 0.002785, 0, 0, 0, 0, 0.015, 0.048, -0.746004, 15.5281
56, 4.93638e-05, 0.0139724, 0.000223962, 0.0107555, 0.000460623, 0.00228037, 0, 0, 0, 0, 0.015, 0.048, -1.2977, 26.9527
57, 0.00037319, 0.00723118, 0.000485823, 0.00528271, 0.000484373, 0.00175307, 0, 0, 0, 0, 0.015, 0.048, -1.61818, 33.564
58, 0.000839184, -0.00246957, 0.000806456, -0.00141241, 0.000508092, 0.00121649, 0, 0, 0, 0, 0.015, 0.048, -1.5104, 31.2601
59, 0.00125779, -0.0111838, 0.00110649, -0.00767766, 0.000530987, 0.000687037, 0, 0, 0.048, 0, 0.015, 0.048, -1.04456, 21.5021
60, 0.00143945, -0.0149654, 0.00131948, -0.0121299, 0.000552316, 0.000180098, 5.69463e-07, -5.92051e-06, 0.0482157, 0, 0.015, 0.048, -0.508797, 10.2881
61, 0.00143945, -0.0149654, 0.00143207, -0.0144912, 0.00057155, -0.000293448, 4.51439e-06, -4.69346e-05, 0.0488395, 0, 0.015, 0.048, -0.133493, 2.41387
62, 0.00143945, -0.0149654, 0.00147343, -0.0153687, 0.000588415, -0.000728049, 1.50063e-05, -0.000156016, 0.0498368, 0, 0.015, 0.048, 0.0583753, -1.64247
63, 0.00143945, -0.0149654, 0.00147713, -0.0154614, 0.000602827, -0.00112214, 3.48214e-05, -0.000362026, 0.0511727, 0, 0.015, 0.048, 0.120629, -3.00155
64, 0.00143945, -0.0149654, 0.00146698, -0.0152649, 0.000614805, -0.00147634, 6.61725e-05, -0.000687973, 0.0528126, 0, 0.015, 0.048, 0.114649, -2.94138
65, 0.00143945, -0.0149654, 0.00145554, -0.0150409, 0.000624404, -0.00179206, 0.000110576, -0.00114962, 0.0547218, 0, 0.015, 0.048, 0.0837719, -2.36436
66, 0.00143945, -0.0149654, 0.00144745, -0.0148858, 0.000631681, -0.00207075, 0.000168758, -0.00175452, 0.0568654, 0, 0.015, 0.048, 0.0507946, -1.74531
67, 0.00143945, -0.0149654, 0.00144312, -0.0148084, 0.000636679, -0.00231364, 0.000240616, -0.00250161, 0.0592087, 0, 0.015, 0.048, 0.024027, -1.25746
68, 0.00143945, -0.0149654, 0.00144146, -0.0147857, 0.000639425, -0.00252162, 0.000325218, -0.00338119, 0.0617171, 0, 0.015, 0.048, 0.00416772, -0.91547
69, 0.00143945, -0.0149654, 0.0014412, -0.0147914, 0.000639931, -0.00269535, 0.000420864, -0.00437558, 0.0643557, 0, 0.015, 0.048, -0.010838, -0.676349
70, 0.00143945, -0.0149654, 0.00144146, -0.0148073, 0.0006382, -0.0028353, 0.000525185, -0.00546017, 0.0670899, 0, 0.015, 0.048, -0.0232335, -0.49269
71, 0.00143945, -0.0149654, 0.00144175, -0.0148234, 0.000634226, -0.00294183, 0.000635291, -0.0066049, 0.0698848, 0, 0.015, 0.048, -0.0345128, -0.332067
72, 0.00143945, -0.0149654, 0.00144185, -0.0148359, 0.000627998, -0.0030152, 0.000747939, -0.00777607, 0.0727058, 0, 0.015, 0.048, -0.0453725, -0.178354
73, 0.00143945, -0.0149654, 0.00144168, -0.0148435, 0.000619498, -0.00305556, 0.000859735, -0.00893838, 0.0755181, 0, 0.015, 0.048, -0.0560621, -0.025674
74, 0.00143945, -0.0149654, 0.00144117, -0.0148462, 0.000608703, -0.00306303, 0.000967337, -0.0100571, 0.078287, 0, 0.015, 0.048, -0.0669089, 0.129726
75, 0.00143945, -0.0149654, 0.00144033, -0.0148446, 0.000595584, -0.00303759, 0.00106765, -0.0111, 0.0809777, 0, 0.015, 0.048, -0.0789408, 0.297823
76, 0.00143945, -0.0149654, 0.00143934, -0.0148409, 0.000580107, -0.0029792, 0.00115803, -0.0120397, 0.0835556, 0, 0.015, 0.048, -0.0945113, 0.502249
77, 0.00143945, -0.0149654, 0.0014388, -0.0148415, 0.000562231, -0.00288769, 0.00123643, -0.0128547, 0.0859858, 0, 0.015, 0.048, -0.117588, 0.783566
78, 0.00143945, -0.0149654, 0.00144005, -0.0148604, 0.000541907, -0.0027628, 0.00130152, -0.0135314, 0.0882336, 0, 0.015, 0.048, -0.152874, 1.1905
79, 0.00143945, -0.0149654, 0.00144527, -0.0149202, 0.000519074, -0.00260412, 0.00135277, -0.0140643, 0.0902643, 0, 0.015, 0.048, -0.202555, 1.74592
80, 0.00143945, -0.0149654, 0.00145701, -0.0150474, 0.000493652, -0.00241102, 0.0013905, -0.0144566, 0.0920432, 0, 0.015, 0.048, -0.259054, 2.37136
81, 0.00143945, -0.0149654, 0.00147643, -0.0152541, 0.000465537, -0.00218261, 0.00141585, -0.0147201, 0.0935354, 0, 0.015, 0.048, -0.293113, 2.76304
82, 0.00143945, -0.0149654, 0.00149928, -0.0154962, 0.000434599, -0.0019177, 0.00143069, -0.0148744, 0.0947064, 0, 0.015, 0.048, -0.239797, 2.2466
83, 0.00143945, -0.0149654, 0.00150937, -0.0156056, 0.000400694, -0.00161493, 0.00143753, -0.0149455, 0.0955213, 0, 0.015, 0.048, 0.00763625, -0.286396
84, 0.00143945, -0.0149654, 0.00147099, -0.0152115, 0.000363716, -0.00127335, 0.00143938, -0.0149647, 0.0959454, 0, 0.015, 0.048, 0.574056, -6.13254
85, 0.00143945, -0.0149654, 0.00132564, -0.0137063, 0.000323698, -0.000893367, 0.00143945, -0.0149654, 0.096, 0, 0.015, 0.048, 1.51319, -15.8497
86, 0.00134083, -0.0139414, 0.00100526, -0.0103832, 0.000280963, -0.000478462, 0.00143945, -0.0149654, 0.096, 0, 0.015, 0.048, 2.6113, -27.218
87, 0.000693927, -0.00722348, 0.000481458, -0.00494749, 0.000236301, -3.68895e-05, 0.00143945, -0.0149654, 0.096, 0, 0.015, 0.048, 3.24755, -33.7904
88, -0.000236987, 0.00244373, -0.000159716, 0.00170729, 0.00019101, 0.000417825, 0.00143945, -0.0149654, 0.096, 0, 0.015, 0.048, 3.02833, -31.479
89, -0.00107323, 0.0111278, -0.000759704, 0.00793457, 0.000146678, 0.000869138, 0.00143945, -0.0149654, 0.096, 0, 0.015, 0.096, 2.09384, -21.74
90, -0.00143613, 0.0148964, -0.00118578, 0.012356, 0.000104796, 0.00130157, 0.00143945, -0.0149654, 0.096, -5.68151e-07, 0.015, 0.0962157, 1.01971, -10.5506
91, -0.00143613, 0.0148964, -0.00141125, 0.0146944, 6.64229e-05, 0.0017041, 0.00143945, -0.0149654, 0.096, -4.50399e-06, 0.0149997, 0.0968395, 0.266137, -2.69009
92, -0.00143613, 0.0148964, -0.0014944, 0.015555, 3.21092e-05, 0.00207107, 0.00143945, -0.0149654, 0.096, -1.49718e-05, 0.0149989, 0.0978368, -0.120976, 1.36515
93, -0.00143613, 0.0148964, -0.00150229, 0.0156342, 2.022e-06, 0.00240075, 0.00143945, -0.0149654, 0.096, -3.47412e-05, 0.0149975, 0.0991727, -0.249164, 2.73189
94, -0.00143613, 0.0148964, -0.00148247, 0.0154258, -2.38785e-05, 0.00269362, 0.00143945, -0.0149654, 0.096, -6.602e-05, 0.0149952, 0.100813, -0.241061, 2.68377
95, -0.00143613, 0.0148964, -0.00146007, 0.0151907, -4.57082e-05, 0.00295096, 0.00143945, -0.0149654, 0.096, -0.000110321, 0.014992, 0.102722, -0.183252, 2.12006
96, -0.00143613, 0.0148964, -0.00144432, 0.0150248, -6.35864e-05, 0.00317409, 0.00143945, -0.0149654, 0.096, -0.00016837, 0.0149879, 0.104865, -0.121294, 1.51399
97, -0.00143613, 0.0148964, -0.00143609, 0.014937, -7.76065e-05, 0.00336411, 0.00143945, -0.0149654, 0.096, -0.000240062, 0.0149827, 0.107209, -0.0717998, 1.0382
98, -0.00143613, 0.0148964, -0.00143314, 0.0149042, -8.78316e-05, 0.00352179, 0.00143945, -0.0149654, 0.096, -0.000324469, 0.0149766, 0.109717, -0.0361721, 0.707314
99, -0.00143613, 0.0148964, -0.00143297, 0.0149003, -9.42998e-05, 0.00364769, 0.00143945, -0.0149654, 0.096, -0.000419894, 0.0149697, 0.112356, -0.010298, 0.478518
100, -0.00143613, 0.0148964, -0.00143381, 0.014907, -9.70303e-05, 0.00374216, 0.00143945, -0.0149654, 0.096, -0.000523975, 0.0149622, 0.11509, 0.0103366, 0.304583
101, -0.00143613, 0.0148964, -0.00143471, 0.0149144, -9.60289e-05, 0.00380547, 0.00143945, -0.0149654, 0.096, -0.000633827, 0.0149543, 0.117885, 0.0287785, 0.153208
102, -0.00143613, 0.0148964, -0.00143525, 0.0149186, -9.12905e-05, 0.00383776, 0.00143945, -0.0149654, 0.096, -0.000746216, 0.0149462, 0.120706, 0.046496, 0.00833808
103, -0.00143613, 0.0148964, -0.00143529, 0.0149184, -8.28004e-05, 0.00383913, 0.00143945, -0.0149654, 0.096, -0.000857755, 0.0149381, 0.123518, 0.0640189, -0.135869
104, -0.00143613, 0.0148964, -0.00143477, 0.0149138, -7.05348e-05, 0.00380956, 0.00143945, -0.0149654, 0.096, -0.000965108, 0.0149304, 0.126287, 0.0818528, -0.283131
105, -0.00143613, 0.0148964, -0.00143372, 0.0149052, -5.4461e-05, 0.003749, 0.00143945, -0.0149654, 0.096, -0.00106519, 0.0149232, 0.128978, 0.101502, -0.443351
106, -0.00143613, 0.0148964, -0.00143242, 0.0148948, -3.45368e-05, 0.00365729, 0.00143945, -0.0149654, 0.096, -0.00115537, 0.0149167, 0.131556, 0.126451, -0.640003
107, -0.00143613, 0.0148964, -0.00143179, 0.0148892, -1.07098e-05, 0.00353421, 0.00143945, -0.0149654, 0.096, -0.00123358, 0.014911, 0.133986, 0.162606, -0.9134
108, -0.00143613, 0.0148964, -0.00143383, 0.014902, 1.70857e-05, 0.00337942, 0.00143945, -0.0149654, 0.096, -0.00129852, 0.0149063, 0.136234, 0.217004, -1.31198
109, -0.00143613, 0.0148964, -0.0014418, 0.0149557, 4.89344e-05, 0.00319244, 0.00143945, -0.0149654, 0.096, -0.00134965, 0.0149027, 0.138264, 0.292923, -1.85845
110, -0.00143613, 0.0148964, -0.00145953, 0.0150769, 8.49493e-05, 0.00297259, 0.00143945, -0.0149654, 0.096, -0.0013873, 0.0148999, 0.140043, 0.379029, -2.47479
111, -0.00143613, 0.0148964, -0.00148875, 0.0152773, 0.000125281, 0.00271892, 0.00143945, -0.0149654, 0.096, -0.00141259, 0.0148981, 0.141535, 0.431522, -2.85899
112, -0.00143613, 0.0148964, -0.00152308, 0.0155131, 0.000170122, 0.00243016, 0.00143945, -0.0149654, 0.096, -0.00142739, 0.014897, 0.142706, 0.353184, -2.34054
113, -0.00143613, 0.0148964, -0.00153833, 0.0156174, 0.00021968, 0.00210495, 0.00143945, -0.0149654, 0.096, -0.00143422, 0.0148966, 0.143521, -0.0157919, 0.182596
114, -0.00143613, 0.0148964, -0.001481, 0.0152212, 0.000274112, 0.00174225, 0.00143945, -0.0149654, 0.096, -0.00143606, 0.0148964, 0.143945, -0.862342, 5.99954
115, -0.00143613, 0.0148964, -0.00126351, 0.0137205, 0.00033337, 0.00134243, 0.00143945, -0.0149654, 0.096, -0.00143613, 0.0148964, 0.144, -2.2669, 15.6649
116, -0.00128849, 0.0138783, -0.000783976, 0.0104127, 0.000396964, 0.000908894, 0.00143945, -0.0149654, 0.096, -0.00143613, 0.0148964, 0.144, -3.90946, 26.9717
117, -0.000319998, 0.00719914, 1.05074e-07, 0.00500466, 0.000463712, 0.000449805, 0.00143945, -0.0149654, 0.096, -0.00143613, 0.0148964, 0.144, -4.86058, 33.5101
118, 0.00107369, -0.00241227, 0.000959915, -0.00161522, 0.000531674, -2.14355e-05, 0.00143945, -0.0149654, 0.096, -0.00143613, 0.0148964, 0.144, -4.53092, 31.2159
119, 0.00232565, -0.0110463, 0.00185807, -0.00780989, 0.000598468, -0.000488425, 0.00143945, -0.0149654, 0.144, -0.00143613, 0.0148964, 0.144, -3.13044, 21.5366
120, 0.00286895, -0.0147931, 0.00249586, -0.0122089, 0.000661867, -0.00093581, 0.00144001, -0.0149654, 0.144216, -0.00143613, 0.0148964, 0.144, -1.52086, 10.4153
121, 0.00286895, -0.0147931, 0.00283334, -0.0145369, 0.000720286, -0.00135269, 0.00144393, -0.0149649, 0.144839, -0.00143613, 0.0148964, 0.144, -0.391187, 2.60336
122, 0.00286895, -0.0147931, 0.00295773, -0.0153953, 0.000772905, -0.00173344, 0.00145435, -0.0149636, 0.145837, -0.00143613, 0.0148964, 0.144, 0.189874, -1.42538
123, 0.00286895, -0.0147931, 0.00296947, -0.0154768, 0.000819478, -0.00207642, 0.00147403, -0.0149613, 0.147173, -0.00143613, 0.0148964, 0.144, 0.383318, -2.78129
124, 0.00286895, -0.0147931, 0.00293972, -0.0152721, 0.000860067, -0.00238212, 0.00150516, -0.0149575, 0.148813, -0.00143613, 0.0148964, 0.144, 0.372749, -2.73064
125, 0.00286895, -0.0147931, 0.00290611, -0.0150408, 0.000894852, -0.00265185, 0.00154926, -0.0149522, 0.150722, -0.00143613, 0.0148964, 0.144, 0.287801, -2.16753
126, 0.00286895, -0.0147931, 0.00288247, -0.0148782, 0.000924018, -0.00288696, 0.00160704, -0.0149452, 0.152865, -0.00143613, 0.0148964, 0.144, 0.196684, -1.56242
127, 0.00286895, -0.0147931, 0.00287008, -0.0147931, 0.000947711, -0.00308855, 0.0016784, -0.0149366, 0.155209, -0.00143613, 0.0148964, 0.144, 0.124275, -1.08697
128, 0.00286895, -0.0147931, 0.0028656, -0.0147626, 0.000966034, -0.00325745, 0.00176242, -0.0149265, 0.157717, -0.00143613, 0.0148964, 0.144, 0.072676, -0.755712
129, 0.00286895, -0.0147931, 0.00286528, -0.0147607, 0.000979052, -0.00339421, 0.0018574, -0.014915, 0.160356, -0.00143613, 0.0148964, 0.144, 0.0357247, -0.526069
130, 0.00286895, -0.0147931, 0.00286648, -0.0147692, 0.000986804, -0.00349924, 0.00196101, -0.0149026, 0.16309, -0.00143613, 0.0148964, 0.144, 0.00664563, -0.35108
131, 0.00286895, -0.0147931, 0.00286776, -0.0147783, 0.000989307, -0.00357281, 0.00207035, -0.0148894, 0.165885, -0.00143613, 0.0148964, 0.144, -0.0191548, -0.198623
132, 0.00286895, -0.0147931, 0.00286854, -0.0147842, 0.000986568, -0.00361509, 0.00218222, -0.0148759, 0.168706, -0.00143613, 0.0148964, 0.144, -0.0439137, -0.052725
133, 0.00286895, -0.0147931, 0.0028686, -0.0147856, 0.000978574, -0.00362619, 0.00229325, -0.0148625, 0.171518, -0.00143613, 0.0148964, 0.144, -0.068441, 0.0924266
134, 0.00286895, -0.0147931, 0.00286789, -0.0147825, 0.000965305, -0.00360615, 0.0024001, -0.0148496, 0.174287, -0.00143613, 0.0148964, 0.144, -0.0934205, 0.240526
135, 0.00286895, -0.0147931, 0.00286645, -0.0147754, 0.000946724, -0.0035549, 0.00249973, -0.0148376, 0.176978, -0.00143613, 0.0148964, 0.144, -0.12083, 0.401394
136, 0.00286895, -0.0147931, 0.00286468, -0.0147665, 0.000922784, -0.00347233, 0.00258948, -0.0148268, 0.179556, -0.00143613, 0.0148964, 0.144, -0.155276, 0.598318
137, 0.00286895, -0.0147931, 0.00286381, -0.0147622, 0.000893423, -0.00335823, 0.00266734, -0.0148174, 0.181986, -0.00143613, 0.0148964, 0.144, -0.204594, 0.871284
138, 0.00286895, -0.0147931, 0.00286649, -0.0147761, 0.000858559, -0.00321229, 0.00273198, -0.0148096, 0.184234, -0.00143613, 0.0148964, 0.144, -0.278135, 1.26833
139, 0.00286895, -0.0147931, 0.00287705, -0.0148306, 0.000818086, -0.00303404, 0.00278288, -0.0148035, 0.186264, -0.00143613, 0.0148964, 0.144, -0.380265, 1.81201
140, 0.00286895, -0.0147931, 0.00290059, -0.0149518, 0.000771859, -0.00282283, 0.00282035, -0.0147989, 0.188043, -0.00143613, 0.0148964, 0.144, -0.495919, 2.42492
141, 0.00286895, -0.0147931, 0.00293941, -0.0151517, 0.000719682, -0.00257772, 0.00284552, -0.0147959, 0.189535, -0.00143613, 0.0148964, 0.144, -0.566856, 2.80749
142, 0.00286895, -0.0147931, 0.00298504, -0.0153866, 0.000661306, -0.00229749, 0.00286026, -0.0147941, 0.190706, -0.00143613, 0.0148964, 0.144, -0.463799, 2.29468
143, 0.00286895, -0.0147931, 0.00300529, -0.0154909, 0.000596453, -0.00198079, 0.00286705, -0.0147933, 0.191521, -0.00143613, 0.0148964, 0.144, 0.0257528, -0.206627
144, 0.00286895, -0.0147931, 0.00292904, -0.0150988, 0.000524921, -0.00162659, 0.00286888, -0.0147931, 0.191945, -0.00143613, 0.0148964, 0.144, 1.15037, -5.97509
145, 0.00286895, -0.0147931, 0.00263981, -0.0136112, 0.000446777, -0.0012353, 0.00286895, -0.0147931, 0.192, -0.00143613, 0.0148964, 0.144, 3.01702, -15.5608
146, 0.00267263, -0.0137832, 0.00200213, -0.010331, 0.000362672, -0.000810293, 0.00286895, -0.0147931, 0.192, -0.00143613, 0.0148964, 0.144, 5.20015, -26.7747
147, 0.00138478, -0.00715822, 0.000959478, -0.00496755, 0.000274179, -0.000359675, 0.00286895, -0.0147931, 0.192, -0.00143613, 0.0148964, 0.144, 6.46384, -33.259
148, -0.000468477, 0.00237525, -0.000316845, 0.00159794, 0.000183882, 0.000103248, 0.00286895, -0.0147931, 0.192, -0.00143613, 0.0148964, 0.144, 6.02444, -30.9822
149, -0.00213327, 0.0109392, -0.00151118, 0.00774169, 9.49438e-05, 0.000562194, 0.00286895, -0.0147931, 0.192, -0.00143613, 0.0148964, 0.192, 4.16109, -21.3804
150, -0.00285572, 0.0146557, -0.0023593, 0.0121044, 1.03288e-05, 0.00100193, 0.00286895, -0.0147931, 0.192, -0.00143669, 0.0148963, 0.192216, 2.0197, -10.3482
151, -0.00285572, 0.0146557, -0.00280807, 0.0144129, -6.78568e-05, 0.00141162, 0.00286895, -0.0147931, 0.192, -0.00144058, 0.0148957, 0.192839, 0.516461, -2.59865
152, -0.00285572, 0.0146557, -0.0029735, 0.0152638, -0.000138524, 0.00178569, 0.00286895, -0.0147931, 0.192, -0.00145093, 0.0148939, 0.193837, -0.257276, 1.39836
153, -0.00285572, 0.0146557, -0.00298912, 0.015344, -0.000201347, 0.0021225, 0.00286895, -0.0147931, 0.192, -0.00147047, 0.0148906, 0.195173, -0.515594, 2.74419
154, -0.00285572, 0.0146557, -0.00294958, 0.0151405, -0.000256413, 0.00242253, 0.00286895, -0.0147931, 0.192, -0.00150139, 0.0148854, 0.196813, -0.502644, 2.69484
155, -0.00285572, 0.0146557, -0.0029049, 0.0149106, -0.000303963, 0.00268707, 0.00286895, -0.0147931, 0.192, -0.00154518, 0.0148779, 0.198722, -0.390809, 2.13714
156, -0.00285572, 0.0146557, -0.00287348, 0.0147488, -0.000344245, 0.00291745, 0.00286895, -0.0147931, 0.192, -0.00160256, 0.0148682, 0.200865, -0.270795, 1.53776
157, -0.00285572, 0.0146557, -0.00285701, 0.014664, -0.00037746, 0.00311476, 0.00286895, -0.0147931, 0.192, -0.00167343, 0.0148562, 0.203209, -0.175688, 1.06696
158, -0.00285572, 0.0146557, -0.00285106, 0.0146332, -0.000403748, 0.00327981, 0.00286895, -0.0147931, 0.192, -0.00175686, 0.014842, 0.205717, -0.108284, 0.739161
159, -0.00285572, 0.0146557, -0.00285064, 0.014631, -0.000423201, 0.00341315, 0.00286895, -0.0147931, 0.192, -0.00185119, 0.014826, 0.208356, -0.0603851, 0.512128
160, -0.00285572, 0.0146557, -0.00285224, 0.014639, -0.000435876, 0.00351517, 0.00286895, -0.0147931, 0.192, -0.00195407, 0.0148086, 0.21109, -0.02297, 0.339281
161, -0.00285572, 0.0146557, -0.00285395, 0.0146477, -0.000441806, 0.00358613, 0.00286895, -0.0147931, 0.192, -0.00206266, 0.0147902, 0.213885, 0.0100904, 0.188758
162, -0.00285572, 0.0146557, -0.002855, 0.0146532, -0.000441002, 0.00362621, 0.00286895, -0.0147931, 0.192, -0.00217375, 0.0147713, 0.216706, 0.041797, 0.0447117
163, -0.00285572, 0.0146557, -0.00285513, 0.0146543, -0.000433459, 0.00363552, 0.00286895, -0.0147931, 0.192, -0.00228401, 0.0147526, 0.219518, 0.0732377, -0.098623
164, -0.00285572, 0.0146557, -0.00285426, 0.0146509, -0.000419156, 0.00361406, 0.00286895, -0.0147931, 0.192, -0.00239012, 0.0147346, 0.222287, 0.105272, -0.244902
165, -0.00285572, 0.0146557, -0.00285248, 0.0146436, -0.000398055, 0.00356179, 0.00286895, -0.0147931, 0.192, -0.00248906, 0.0147178, 0.224978, 0.140349, -0.403841
166, -0.00285572, 0.0146557, -0.00285028, 0.0146345, -0.000370103, 0.00347859, 0.00286895, -0.0147931, 0.192, -0.00257819, 0.0147027, 0.227556, 0.184184, -0.598475
167, -0.00285572, 0.0146557, -0.00284919, 0.0146299, -0.000335226, 0.00336424, 0.00286895, -0.0147931, 0.192, -0.0026555, 0.0146896, 0.229986, 0.246523, -0.868369
168, -0.00285572, 0.0146557, -0.00285253, 0.0146435, -0.000293329, 0.00321843, 0.00286895, -0.0147931, 0.192, -0.00271969, 0.0146787, 0.232234, 0.339013, -1.26106
169, -0.00285572, 0.0146557, -0.00286569, 0.0146971, -0.000244283, 0.00304071, 0.00286895, -0.0147931, 0.192, -0.00277024, 0.0146702, 0.234264, 0.467095, -1.79885
170, -0.00285572, 0.0146557, -0.00289502, 0.0148169, -0.000187911, 0.00283042, 0.00286895, -0.0147931, 0.192, -0.00280745, 0.0146638, 0.236043, 0.612007, -2.40517
171, -0.00285572, 0.0146557, -0.00294338, 0.0150144, -0.000123973, 0.00258663, 0.00286895, -0.0147931, 0.192, -0.00283245, 0.0146596, 0.237535, 0.701204, -2.78358
172, -0.00285572, 0.0146557, -0.00300023, 0.0152467, -5.21597e-05, 0.00230812, 0.00286895, -0.0147931, 0.192, -0.00284709, 0.0146571, 0.238706, 0.573646, -2.27599
173, -0.00285572, 0.0146557, -0.00302545, 0.0153497, 2.78688e-05, 0.00199356, 0.00286895, -0.0147931, 0.192, -0.00285383, 0.014656, 0.239521, -0.0353725, 0.199237
174, -0.00285572, 0.0146557, -0.00293047, 0.0149615, 0.000116365, 0.00164194, 0.00286895, -0.0147931, 0.192, -0.00285565, 0.0146557, 0.239945, -1.43549, 5.90737
175, -0.00285572, 0.0146557, -0.0025702, 0.0134893, 0.000213244, 0.00125364, 0.00286895, -0.0147931, 0.192, -0.00285572, 0.0146557, 0.24, -3.75994, 15.3928
176, -0.00261117, 0.0136563, -0.00177585, 0.0102433, 0.000317692, 0.000832004, 0.00286895, -0.0147931, 0.192, -0.00285572, 0.0146557, 0.24, -6.47862, 26.4893
177, -0.00100692, 0.00710081, -0.000477056, 0.00493595, 0.000427749, 0.000385056, 0.00286895, -0.0147931, 0.192, -0.00285572, 0.0146557, 0.24, -8.052, 32.9056
178, 0.00130163, -0.00233276, 0.00111282, -0.00156088, 0.000540197, -7.40442e-05, 0.00286895, -0.0147931, 0.192, -0.00285572, 0.0146557, 0.24, -7.50387, 30.6528
179, 0.00337541, -0.010807, 0.00260057, -0.00764039, 0.000651093, -0.000529187, 0.00286895, -0.0147931, 0.24, -0.00285572, 0.0146557, 0.24, -5.18196, 21.1517
180, 0.00427536, -0.0144845, 0.00365705, -0.0119575, 0.000756748, -0.000965298, 0.00286951, -0.014793, 0.240216, -0.00285572, 0.0146557, 0.24, -2.51371, 10.2352
181, 0.00427536, -0.0144845, 0.00421607, -0.0142419, 0.000854538, -0.00137167, 0.00287337, -0.0147921, 0.240839, -0.00285572, 0.0146557, 0.24, -0.640377, 2.56687
182, 0.00427536, -0.0144845, 0.00442214, -0.015084, 0.000943108, -0.00174278, 0.00288362, -0.0147899, 0.241837, -0.00285572, 0.0146557, 0.24, 0.324243, -1.38824
183, 0.00427536, -0.0144845, 0.00444159, -0.0151635, 0.00102205, -0.002077, 0.00290298, -0.0147856, 0.243173, -0.00285572, 0.0146557, 0.24, 0.64683, -2.71994
184, 0.00427536, -0.0144845, 0.00439233, -0.0149623, 0.00109148, -0.00237482, 0.00293361, -0.0147789, 0.244813, -0.00285572, 0.0146557, 0.24, 0.631519, -2.67109
185, 0.00427536, -0.0144845, 0.00433668, -0.0147348, 0.0011517, -0.00263751, 0.00297699, -0.0147694, 0.246722, -0.00285572, 0.0146557, 0.24, 0.493046, -2.11923
186, 0.00427536, -0.0144845, 0.00429753, -0.0145749, 0.00120302, -0.00286639, 0.00303384, -0.0147569, 0.248865, -0.00285572, 0.0146557, 0.24, 0.344404, -1.52615
187, 0.00427536, -0.0144845, 0.00427701, -0.014491, 0.00124569, -0.00306256, 0.00310405, -0.0147415, 0.251209, -0.00285572, 0.0146557, 0.24, 0.226811, -1.06031
188, 0.00427536, -0.0144845, 0.00426959, -0.0144607, 0.00127989, -0.00322679, 0.00318671, -0.0147234, 0.253717, -0.00285572, 0.0146557, 0.24, 0.143749, -0.735972
189, 0.00427536, -0.0144845, 0.00426907, -0.0144585, 0.00130574, -0.00335965, 0.00328016, -0.0147029, 0.256356, -0.00285572, 0.0146557, 0.24, 0.0850056, -0.511363
190, 0.00427536, -0.0144845, 0.00427105, -0.0144666, 0.00132332, -0.00346152, 0.00338208, -0.0146805, 0.25909, -0.00285572, 0.0146557, 0.24, 0.0393343, -0.340381
191, 0.00427536, -0.0144845, 0.00427318, -0.0144753, 0.00133267, -0.00353267, 0.00348966, -0.0146569, 0.261885, -0.00285572, 0.0146557, 0.24, -0.000915949, -0.191494
192, 0.00427536, -0.0144845, 0.00427449, -0.0144807, 0.00133381, -0.00357327, 0.00359972, -0.0146327, 0.264706, -0.00285572, 0.0146557, 0.24, -0.0395029, -0.049018
193, 0.00427536, -0.0144845, 0.00427467, -0.0144819, 0.00132674, -0.00358342, 0.00370895, -0.0146088, 0.267518, -0.00285572, 0.0146557, 0.24, -0.0777898, 0.0927548
194, 0.00427536, -0.0144845, 0.00427365, -0.0144786, 0.00131145, -0.00356315, 0.00381408, -0.0145857, 0.270287, -0.00285572, 0.0146557, 0.24, -0.116811, 0.237435
195, 0.00427536, -0.0144845, 0.00427151, -0.0144714, 0.00128788, -0.00351241, 0.0039121, -0.0145642, 0.272978, -0.00285572, 0.0146557, 0.24, -0.159477, 0.394609
196, 0.00427536, -0.0144845, 0.00426888, -0.0144625, 0.00125599, -0.00343107, 0.0040004, -0.0145448, 0.275556, -0.00285572, 0.0146557, 0.24, -0.212605, 0.587013
197, 0.00427536, -0.0144845, 0.00426758, -0.0144581, 0.00121568, -0.00331894, 0.004077, -0.014528, 0.277986, -0.00285572, 0.0146557, 0.24, -0.287827, 0.853697
198, 0.00427536, -0.0144845, 0.00427157, -0.0144715, 0.00116685, -0.0031757, 0.00414059, -0.0145141, 0.280234, -0.00285572, 0.0146557, 0.24, -0.399056, 1.24159
199, 0.00427536, -0.0144845, 0.00428729, -0.0145245, 0.00110935, -0.00300091, 0.00419067, -0.0145031, 0.282264, -0.00285572, 0.0146557, 0.24, -0.552798, 1.7727
200, 0.00427536, -0.0144845, 0.00432233, -0.0146428, 0.00104296, -0.00279392, 0.00422754, -0.014495, 0.284043, -0.00285572, 0.0146557, 0.24, -0.726639, 2.37144
201, 0.00427536, -0.0144845, 0.00438011, -0.0148378, 0.000967414, -0.00255381, 0.0042523, -0.0144895, 0.285535, -0.00285572, 0.0146557, 0.24, -0.833893, 2.74521
202, 0.00427536, -0.0144845, 0.00444804, -0.0150671, 0.000882333, -0.00227939, 0.0042668, -0.0144864, 0.286706, -0.00285572, 0.0146557, 0.24, -0.68213, 2.24441
203, 0.00427536, -0.0144845, 0.00447818, -0.0151689, 0.000787315, -0.00196933, 0.00427349, -0.0144849, 0.287521, -0.00285572, 0.0146557, 0.24, 0.0449489, -0.198685
204, 0.00427536, -0.0144845, 0.00436468, -0.0147857, 0.000682061, -0.00162265, 0.00427529, -0.0144845, 0.287945, -0.00285572, 0.0146557, 0.24, 1.71734, -5.833
205, 0.00427536, -0.0144845, 0.00393419, -0.0133325, 0.000566673, -0.00123973, 0.00427536, -0.0144845, 0.288, -0.00285572, 0.0146557, 0.24, 4.49423, -15.1959
206, 0.00398314, -0.013498, 0.00298501, -0.0101284, 0.000442125, -0.000823851, 0.00427536, -0.0144845, 0.288, -0.00285572, 0.0146557, 0.24, 7.74221, -26.1491
207, 0.00206619, -0.00702704, 0.00143305, -0.00488951, 0.000310759, -0.000382948, 0.00427536, -0.0144845, 0.288, -0.00285572, 0.0146557, 0.24, 9.62163, -32.4825
208, -0.000692336, 0.0022849, -0.000466721, 0.00152352, 0.000176421, 6.99895e-05, 0.00427536, -0.0144845, 0.288, -0.00285572, 0.0146557, 0.24, 8.96604, -30.2585
209, -0.00317034, 0.0106499, -0.00224446, 0.00752462, 4.38227e-05, 0.000519061, 0.00427536, -0.0144845, 0.288, -0.00285572, 0.0146557, 0.288, 6.19093, -20.8797
210, -0.0042457, 0.0142799, -0.00350686, 0.0117861, -8.26276e-05, 0.000949384, 0.00427536, -0.0144845, 0.288, -0.00285627, 0.0146555, 0.288216, 3.00195, -10.1037
211, -0.0042457, 0.0142799, -0.00417485, 0.014041, -0.000199795, 0.00135039, 0.00427536, -0.0144845, 0.288, -0.00286008, 0.0146545, 0.288839, 0.76284, -2.53411
212, -0.0042457, 0.0142799, -0.00442109, 0.0148722, -0.000306062, 0.00171663, 0.00427536, -0.0144845, 0.288, -0.00287021, 0.0146517, 0.289837, -0.390443, 1.37019
213, -0.0042457, 0.0142799, -0.00444433, 0.0149506, -0.000400944, 0.00204649, 0.00427536, -0.0144845, 0.288, -0.00288935, 0.0146466, 0.291173, -0.776557, 2.68493
214, -0.0042457, 0.0142799, -0.00438547, 0.014752, -0.000484577, 0.00234046, 0.00427536, -0.0144845, 0.288, -0.00291962, 0.0146384, 0.292813, -0.758922, 2.63691
215, -0.0042457, 0.0142799, -0.00431897, 0.0145275, -0.000557323, 0.00259979, 0.00427536, -0.0144845, 0.288, -0.0029625, 0.0146268, 0.294722, -0.594131, 2.09237
216, -0.0042457, 0.0142799, -0.00427219, 0.0143695, -0.000619558, 0.00282579, 0.00427536, -0.0144845, 0.288, -0.00301868, 0.0146116, 0.296865, -0.417205, 1.50714
217, -0.0042457, 0.0142799, -0.00424766, 0.0142867, -0.000671587, 0.00301952, 0.00427536, -0.0144845, 0.288, -0.00308807, 0.0145929, 0.299209, -0.277396, 1.04751
218, -0.0042457, 0.0142799, -0.0042388, 0.0142568, -0.000713624, 0.00318178, 0.00427536, -0.0144845, 0.288, -0.00316976, 0.0145708, 0.301717, -0.17887, 0.727568
219, -0.0042457, 0.0142799, -0.00423818, 0.0142546, -0.000745817, 0.00331311, 0.00427536, -0.0144845, 0.288, -0.00326212, 0.0145458, 0.304356, -0.109418, 0.506068
220, -0.0042457, 0.0142799, -0.00424054, 0.0142625, -0.000768258, 0.00341389, 0.00427536, -0.0144845, 0.288, -0.00336286, 0.0145186, 0.30709, -0.0555969, 0.337504
221, -0.0042457, 0.0142799, -0.00424309, 0.0142711, -0.000781006, 0.00348438, 0.00427536, -0.0144845, 0.288, -0.00346918, 0.0144898, 0.309885, -0.00825037, 0.190748
222, -0.0042457, 0.0142799, -0.00424466, 0.0142765, -0.000784089, 0.00352476, 0.00427536, -0.0144845, 0.288, -0.00357796, 0.0144604, 0.312706, 0.0371272, 0.0503153
223, -0.0042457, 0.0142799, -0.00424489, 0.0142776, -0.000777512, 0.00353513, 0.00427536, -0.0144845, 0.288, -0.00368591, 0.0144313, 0.315518, 0.0821714, -0.0894312
224, -0.0042457, 0.0142799, -0.00424371, 0.0142744, -0.000761256, 0.00351551, 0.00427536, -0.0144845, 0.288, -0.00378981, 0.0144032, 0.318287, 0.128089, -0.232048
225, -0.0042457, 0.0142799, -0.00424124, 0.0142673, -0.000735278, 0.00346585, 0.00427536, -0.0144845, 0.288, -0.00388668, 0.014377, 0.320978, 0.178246, -0.38697
226, -0.0042457, 0.0142799, -0.00423818, 0.0142585, -0.000699513, 0.00338604, 0.00427536, -0.0144845, 0.288, -0.00397396, 0.0143534, 0.323556, 0.240544, -0.576581
227, -0.0042457, 0.0142799, -0.00423667, 0.0142542, -0.000653868, 0.00327588, 0.00427536, -0.0144845, 0.288, -0.00404966, 0.0143329, 0.325986, 0.328474, -0.839327
228, -0.0042457, 0.0142799, -0.00424129, 0.0142673, -0.000598219, 0.00313506, 0.00427536, -0.0144845, 0.288, -0.00411251, 0.0143159, 0.328234, 0.458186, -1.22141
229, -0.0042457, 0.0142799, -0.00425954, 0.0143195, -0.000532393, 0.00296314, 0.00427536, -0.0144845, 0.288, -0.004162, 0.0143026, 0.330264, 0.637233, -1.74452
230, -0.0042457, 0.0142799, -0.00430022, 0.014436, -0.000456151, 0.00275949, 0.00427536, -0.0144845, 0.288, -0.00419844, 0.0142927, 0.332043, 0.839603, -2.33421
231, -0.0042457, 0.0142799, -0.00436729, 0.014628, -0.000369166, 0.00252321, 0.00427536, -0.0144845, 0.288, -0.00422291, 0.0142861, 0.333535, 0.964666, -2.70239
232, -0.0042457, 0.0142799, -0.00444614, 0.0148538, -0.000271013, 0.00225312, 0.00427536, -0.0144845, 0.288, -0.00423724, 0.0142822, 0.334706, 0.789048, -2.20942
233, -0.0042457, 0.0142799, -0.00448113, 0.0149539, -0.000161225, 0.00194791, 0.00427536, -0.0144845, 0.288, -0.00424385, 0.0142804, 0.335521, -0.054418, 0.195985
234, -0.0042457, 0.0142799, -0.00434938, 0.0145767, -3.94551e-05, 0.00160662, 0.00427536, -0.0144845, 0.288, -0.00424563, 0.01428, 0.335945, -1.99522, 5.74358
235, -0.0042457, 0.0142799, -0.00384965, 0.0131458, 9.41758e-05, 0.0012296, 0.00427536, -0.0144845, 0.288, -0.0042457, 0.0142799, 0.336, -5.21817, 14.9625
236, -0.00390649, 0.0133087, -0.00274783, 0.00999092, 0.000238536, 0.000820124, 0.00427536, -0.0144845, 0.288, -0.0042457, 0.0142799, 0.336, -8.98795, 25.7472
237, -0.00168126, 0.00693708, -0.000946288, 0.00483251, 0.000390909, 0.000385976, 0.00427536, -0.0144845, 0.288, -0.0042457, 0.0142799, 0.336, -11.1691, 31.9832
238, 0.0015209, -0.00223177, 0.00125901, -0.00148198, 0.000546826, -6.00481e-05, 0.00427536, -0.0144845, 0.288, -0.0042457, 0.0142799, 0.336, -10.4076, 29.7932
239, 0.00439741, -0.0104682, 0.00332264, -0.00739087, 0.000700821, -0.000502291, 0.00427536, -0.0144845, 0.336, -0.0042457, 0.0142799, 0.336, -7.18563, 20.5584
240, 0.0056457, -0.0140425, 0.00478806, -0.0115869, 0.000847775, -0.0009261, 0.0042759, -0.0144843, 0.336216, -0.0042457, 0.0142799, 0.336, -3.48328, 9.94783
241, 0.0056457, -0.0140425, 0.00556347, -0.0138071, 0.00098405, -0.00132107, 0.00427966, -0.0144831, 0.336839, -0.0042457, 0.0142799, 0.336, -0.883544, 2.49438
242, 0.0056457, -0.0140425, 0.00584931, -0.0146256, 0.00110777, -0.00168183, 0.00428964, -0.0144799, 0.337837, -0.0042457, 0.0142799, 0.336, 0.455745, -1.35008
243, 0.0056457, -0.0140425, 0.00587629, -0.0147028, 0.00121837, -0.0020068, 0.00430851, -0.0144738, 0.339173, -0.0042457, 0.0142799, 0.336, 0.904497, -2.64477
244, 0.0056457, -0.0140425, 0.00580797, -0.0145072, 0.00131601, -0.00229646, 0.00433835, -0.0144642, 0.340813, -0.0042457, 0.0142799, 0.336, 0.884578, -2.59764
245, 0.0056457, -0.0140425, 0.00573076, -0.0142861, 0.00140112, -0.00255203, 0.00438062, -0.0144505, 0.342722, -0.0042457, 0.0142799, 0.336, 0.693848, -2.06163
246, 0.0056457, -0.0140425, 0.00567646, -0.0141306, 0.00147413, -0.00277482, 0.00443601, -0.0144327, 0.344865, -0.0042457, 0.0142799, 0.336, 0.489046, -1.48555
247, 0.0056457, -0.0140425, 0.00564799, -0.0140491, 0.00153539, -0.00296588, 0.00450442, -0.0144106, 0.347209, -0.0042457, 0.0142799, 0.336, 0.327344, -1.03315
248, 0.0056457, -0.0140425, 0.00563771, -0.0140196, 0.00158517, -0.00312597, 0.00458496, -0.0143846, 0.349717, -0.0042457, 0.0142799, 0.336, 0.21358, -0.718298
249, 0.0056457, -0.0140425, 0.00563698, -0.0140175, 0.00162363, -0.00325563, 0.00467602, -0.0143553, 0.352356, -0.0042457, 0.0142799, 0.336, 0.13358, -0.500378
250, 0.0056457, -0.0140425, 0.00563972, -0.0140253, 0.00165088, -0.00335524, 0.00477533, -0.0143232, 0.35509, -0.0042457, 0.0142799, 0.336, 0.071732, -0.334584
251, 0.0056457, -0.0140425, 0.00564267, -0.0140337, 0.001667, -0.00342507, 0.00488015, -0.0142894, 0.357885, -0.0042457, 0.0142799, 0.336, 0.0173982, -0.190262
252, 0.0056457, -0.0140425, 0.0056445, -0.014039, 0.00167201, -0.00346528, 0.00498739, -0.0142548, 0.360706, -0.0042457, 0.0142799, 0.336, -0.0346655, -0.052162
253, 0.0056457, -0.0140425, 0.00564479, -0.0140402, 0.00166594, -0.00347598, 0.00509382, -0.0142205, 0.363518, -0.0042457, 0.0142799, 0.336, -0.0863633, 0.0852682
254, 0.0056457, -0.0140425, 0.00564346, -0.014037, 0.00164877, -0.00345718, 0.00519626, -0.0141875, 0.366287, -0.0042457, 0.0142799, 0.336, -0.139071, 0.225523
255, 0.0056457, -0.0140425, 0.00564064, -0.0140301, 0.00162044, -0.00340886, 0.00529176, -0.0141567, 0.368978, -0.0042457, 0.0142799, 0.336, -0.196604, 0.377865
256, 0.0056457, -0.0140425, 0.00563717, -0.0140214, 0.00158088, -0.00333088, 0.0053778, -0.0141289, 0.371556, -0.0042457, 0.0142799, 0.336, -0.267928, 0.564274
257, 0.0056457, -0.0140425, 0.00563545, -0.0140171, 0.00153001, -0.00322305, 0.00545243, -0.0141048, 0.373986, -0.0042457, 0.0142799, 0.336, -0.368364, 0.822503
258, 0.0056457, -0.0140425, 0.0056407, -0.0140301, 0.00146767, -0.00308508, 0.00551439, -0.0140848, 0.376234, -0.0042457, 0.0142799, 0.336, -0.51626, 1.19793
259, 0.0056457, -0.0140425, 0.00566143, -0.0140814, 0.00139367, -0.00291654, 0.00556319, -0.0140691, 0.378264, -0.0042457, 0.0142799, 0.336, -0.720201, 1.71184
260, 0.0056457, -0.0140425, 0.00570765, -0.0141957, 0.00130774, -0.0027168, 0.00559911, -0.0140575, 0.380043, -0.0042457, 0.0142799, 0.336, -0.950631, 2.29115
261, 0.0056457, -0.0140425, 0.00578386, -0.0143843, 0.00120952, -0.00248498, 0.00562324, -0.0140497, 0.381535, -0.0042457, 0.0142799, 0.336, -1.09322, 2.65291
262, 0.0056457, -0.0140425, 0.00587345, -0.014606, 0.00109852, -0.00221993, 0.00563737, -0.0140452, 0.382706, -0.0042457, 0.0142799, 0.336, -0.894148, 2.16894
263, 0.0056457, -0.0140425, 0.00591321, -0.0147044, 0.000974217, -0.00192036, 0.00564388, -0.0140431, 0.383521, -0.0042457, 0.0142799, 0.336, 0.0637617, -0.193219
264, 0.0056457, -0.0140425, 0.0057635, -0.0143339, 0.000836211, -0.00158531, 0.00564564, -0.0140425, 0.383945, -0.0042457, 0.0142799, 0.336, 2.26851, -5.6413
265, 0.0056457, -0.0140425, 0.00519569, -0.0129286, 0.000684645, -0.00121516, 0.0056457, -0.0140425, 0.384, -0.0042457, 0.0142799, 0.336, 5.93008, -14.6949
266, 0.00526028, -0.0130886, 0.00394376, -0.00983027, 0.000520804, -0.00081309, 0.0056457, -0.0140425, 0.384, -0.0042457, 0.0142799, 0.336, 10.213, -25.2864
267, 0.0027319, -0.00683115, 0.00189679, -0.00476424, 0.000347776, -0.000386765, 0.0056457, -0.0140425, 0.384, -0.0042457, 0.0142799, 0.336, 12.6908, -31.4105
268, -0.000906504, 0.0021735, -0.000608941, 0.00143717, 0.000170638, 5.12518e-05, 0.0056457, -0.0140425, 0.384, -0.0042457, 0.0142799, 0.336, 11.8251, -29.2596
269, -0.0041749, 0.0102624, -0.00295372, 0.00724023, -4.39864e-06, 0.000485585, 0.0056457, -0.0140425, 0.384, -0.0042457, 0.0142799, 0.384, 8.16378, -20.19
270, -0.00559326, 0.0137727, -0.00461878, 0.0113611, -0.000171518, 0.000901844, 0.0056457, -0.0140425, 0.384, -0.00424623, 0.0142797, 0.384216, 3.95658, -9.76929
271, -0.00559326, 0.0137727, -0.00549983, 0.0135416, -0.000326587, 0.00128981, 0.0056457, -0.0140425, 0.384, -0.00424992, 0.0142783, 0.384839, 1.00221, -2.44916
272, -0.00559326, 0.0137727, -0.0058246, 0.0143454, -0.000467472, 0.00164421, 0.0056457, -0.0140425, 0.384, -0.00425975, 0.0142746, 0.385837, -0.519998, 1.32662
273, -0.00559326, 0.0137727, -0.00585526, 0.0144212, -0.000593539, 0.00196349, 0.0056457, -0.0140425, 0.384, -0.0042783, 0.0142677, 0.387173, -1.03035, 2.59828
274, -0.00559326, 0.0137727, -0.00577763, 0.0142291, -0.000704967, 0.00224812, 0.0056457, -0.0140425, 0.384, -0.00430765, 0.0142566, 0.388813, -1.0082, 2.55217
275, -0.00559326, 0.0137727, -0.00568991, 0.014012, -0.000802239, 0.00249931, 0.0056457, -0.0140425, 0.384, -0.00434921, 0.014241, 0.390722, -0.791968, 2.02592
276, -0.00559326, 0.0137727, -0.00562821, 0.0138593, -0.000885853, 0.00271833, 0.0056457, -0.0140425, 0.384, -0.00440368, 0.0142205, 0.392865, -0.55976, 1.46033
277, -0.00559326, 0.0137727, -0.00559586, 0.0137792, -0.000956215, 0.00290622, 0.0056457, -0.0140425, 0.384, -0.00447095, 0.0141951, 0.395209, -0.376538, 1.01622
278, -0.00559326, 0.0137727, -0.00558417, 0.0137503, -0.00101361, 0.00306372, 0.0056457, -0.0140425, 0.384, -0.00455016, 0.0141653, 0.397717, -0.247797, 0.707189
279, -0.00559326, 0.0137727, -0.00558334, 0.0137482, -0.00105825, 0.00319139, 0.0056457, -0.0140425, 0.384, -0.0046397, 0.0141316, 0.400356, -0.157434, 0.49336
280, -0.00559326, 0.0137727, -0.00558646, 0.0137558, -0.00109025, 0.00328957, 0.0056457, -0.0140425, 0.384, -0.00473736, 0.0140949, 0.40309, -0.0877021, 0.330726
281, -0.00559326, 0.0137727, -0.00558981, 0.0137641, -0.0011097, 0.00335854, 0.0056457, -0.0140425, 0.384, -0.00484044, 0.0140561, 0.405885, -0.0265062, 0.189179
282, -0.00559326, 0.0137727, -0.00559189, 0.0137693, -0.00111664, 0.00339846, 0.0056457, -0.0140425, 0.384, -0.00494589, 0.0140164, 0.408706, 0.0321238, 0.0537375
283, -0.00559326, 0.0137727, -0.00559223, 0.0137704, -0.00111109, 0.00340943, 0.0056457, -0.0140425, 0.384, -0.00505055, 0.013977, 0.411518, 0.0903561, -0.0810526
284, -0.00559326, 0.0137727, -0.00559075, 0.0137674, -0.00109303, 0.00339147, 0.0056457, -0.0140425, 0.384, -0.00515129, 0.0139391, 0.414287, 0.149733, -0.218615
285, -0.00559326, 0.0137727, -0.00558761, 0.0137606, -0.00106241, 0.00334455, 0.0056457, -0.0140425, 0.384, -0.0052452, 0.0139037, 0.416978, 0.214509, -0.368021
286, -0.00559326, 0.0137727, -0.00558372, 0.0137521, -0.00101916, 0.00326856, 0.0056457, -0.0140425, 0.384, -0.00532981, 0.0138719, 0.419556, 0.294695, -0.550791
287, -0.00559326, 0.0137727, -0.0055818, 0.0137479, -0.000963171, 0.00316329, 0.0056457, -0.0140425, 0.384, -0.0054032, 0.0138442, 0.421986, 0.407406, -0.803903
288, -0.00559326, 0.0137727, -0.00558766, 0.0137606, -0.000894281, 0.00302847, 0.0056457, -0.0140425, 0.384, -0.00546413, 0.0138213, 0.424234, 0.573145, -1.1718
289, -0.00559326, 0.0137727, -0.00561083, 0.0138108, -0.000812281, 0.00286367, 0.0056457, -0.0140425, 0.384, -0.00551211, 0.0138033, 0.426264, 0.801509, -1.67533
290, -0.00559326, 0.0137727, -0.00566248, 0.0139228, -0.000716871, 0.00266828, 0.0056457, -0.0140425, 0.384, -0.00554744, 0.01379, 0.428043, 1.05947, -2.24292
291, -0.00559326, 0.0137727, -0.00574765, 0.0141075, -0.000607639, 0.00244144, 0.0056457, -0.0140425, 0.384, -0.00557117, 0.013781, 0.429535, 1.21925, -2.59742
292, -0.00559326, 0.0137727, -0.00584778, 0.0143246, -0.000484051, 0.00218201, 0.0056457, -0.0140425, 0.384, -0.00558506, 0.0137758, 0.430706, 0.997188, -2.12356
293, -0.00559326, 0.0137727, -0.00589221, 0.014421, -0.000345515, 0.00188874, 0.0056457, -0.0140425, 0.384, -0.00559147, 0.0137734, 0.431521, -0.0729586, 0.189921
294, -0.00559326, 0.0137727, -0.0057249, 0.0140581, -0.000191592, 0.0015607, 0.0056457, -0.0140425, 0.384, -0.00559319, 0.0137727, 0.431945, -2.53658, 5.52594
295, -0.00559326, 0.0137727, -0.00509032, 0.0126817, -2.24402e-05, 0.00119824, 0.0056457, -0.0140425, 0.384, -0.00559326, 0.0137727, 0.432, -6.62834, 14.3934
296, -0.00516251, 0.0128384, -0.00369117, 0.009647, 0.000160504, 0.000804498, 0.0056457, -0.0140425, 0.384, -0.00559326, 0.0137727, 0.432, -11.4145, 24.7672
297, -0.0023368, 0.00670947, -0.00140348, 0.00468503, 0.000353788, 0.000386964, 0.0056457, -0.0140425, 0.384, -0.00559326, 0.0137727, 0.432, -14.1834, 30.7654
298, 0.00172947, -0.00211023, 0.00139692, -0.00138901, 0.000551739, -4.20518e-05, 0.0056457, -0.0140425, 0.384, -0.00559326, 0.0137727, 0.432, -13.2154, 28.6585
299, 0.00538222, -0.010033, 0.00401744, -0.00707289, 0.000747415, -0.000467489, 0.0056457, -0.0140425, 0.432, -0.00559326, 0.0137727, 0.432, -9.12312, 19.775
300, 0.00696738, -0.0134712, 0.00587831, -0.0111091, 0.000934314, -0.000875252, 0.00564623, -0.0140423, 0.432216, -0.00559326, 0.0137727, 0.432, -4.42077, 9.56818
301, 0.00696738, -0.0134712, 0.00686296, -0.0132448, 0.00110782, -0.00125533, 0.00564985, -0.0140407, 0.432839, -0.00559326, 0.0137727, 0.432, -1.11857, 2.39824
302, 0.00696738, -0.0134712, 0.00722593, -0.0140321, 0.00126555, -0.00160256, 0.00565948, -0.0140365, 0.433837, -0.00559326, 0.0137727, 0.432, 0.583052, -1.30015
303, 0.00696738, -0.0134712, 0.00726019, -0.0141064, 0.00140679, -0.00191543, 0.00567768, -0.0140287, 0.435173, -0.00559326, 0.0137727, 0.432, 1.15384, -2.54586
304, 0.00696738, -0.0134712, 0.00717343, -0.0139182, 0.00153175, -0.00219439, 0.00570646, -0.0140162, 0.436813, -0.00559326, 0.0137727, 0.432, 1.12949, -2.50086
305, 0.00696738, -0.0134712, 0.0070754, -0.0137056, 0.00164096, -0.00244062, 0.00574723, -0.0139986, 0.438722, -0.00559326, 0.0137727, 0.432, 0.888263, -1.9856
306, 0.00696738, -0.0134712, 0.00700644, -0.013556, 0.00173499, -0.00265538, 0.00580066, -0.0139755, 0.440865, -0.00559326, 0.0137727, 0.432, 0.629185, -1.4318
307, 0.00696738, -0.0134712, 0.00697029, -0.0134776, 0.00181428, -0.00283968, 0.00586663, -0.013947, 0.443209, -0.00559326, 0.0137727, 0.432, 0.424864, -0.99699
308, 0.00696738, -0.0134712, 0.00695723, -0.0134492, 0.00187917, -0.00299425, 0.00594431, -0.0139134, 0.445717, -0.00559326, 0.0137727, 0.432, 0.281444, -0.694492
309, 0.00696738, -0.0134712, 0.00695629, -0.0134472, 0.00192988, -0.00311963, 0.00603213, -0.0138755, 0.448356, -0.00559326, 0.0137727, 0.432, 0.180925, -0.485245
310, 0.00696738, -0.0134712, 0.00695977, -0.0134547, 0.00196656, -0.00321617, 0.00612792, -0.0138341, 0.45109, -0.00559326, 0.0137727, 0.432, 0.10347, -0.326144
311, 0.00696738, -0.0134712, 0.00696352, -0.0134628, 0.00198929, -0.00328412, 0.00622902, -0.0137904, 0.453885, -0.00559326, 0.0137727, 0.432, 0.035553, -0.187696
312, 0.00696738, -0.0134712, 0.00696585, -0.0134679, 0.00199814, -0.00332366, 0.00633245, -0.0137456, 0.456706, -0.00559326, 0.0137727, 0.432, -0.0295082, -0.0552231
313, 0.00696738, -0.0134712, 0.00696624, -0.013469, 0.00199312, -0.00333489, 0.0064351, -0.0137013, 0.459518, -0.00559326, 0.0137727, 0.432, -0.0941409, 0.0766179
314, 0.00696738, -0.0134712, 0.00696462, -0.013466, 0.00197422, -0.00331782, 0.00653389, -0.0136586, 0.462287, -0.00559326, 0.0137727, 0.432, -0.160049, 0.211174
315, 0.00696738, -0.0134712, 0.00696115, -0.0134593, 0.00194139, -0.00327243, 0.006626, -0.0136188, 0.464978, -0.00559326, 0.0137727, 0.432, -0.23192, 0.357299
316, 0.00696738, -0.0134712, 0.00695686, -0.013451, 0.00189454, -0.00319859, 0.00670899, -0.0135829, 0.467556, -0.00559326, 0.0137727, 0.432, -0.320783, 0.536012
317, 0.00696738, -0.0134712, 0.00695474, -0.0134469, 0.00183356, -0.00309614, 0.00678097, -0.0135518, 0.469986, -0.00559326, 0.0137727, 0.432, -0.445509, 0.783424
318, 0.00696738, -0.0134712, 0.00696121, -0.0134593, 0.00175828, -0.00296478, 0.00684073, -0.0135259, 0.472234, -0.00559326, 0.0137727, 0.432, -0.628709, 1.14295
319, 0.00696738, -0.0134712, 0.00698675, -0.0135084, 0.00166847, -0.0028041, 0.00688779, -0.0135056, 0.474264, -0.00559326, 0.0137727, 0.432, -0.880971, 1.63494
320, 0.00696738, -0.0134712, 0.00704372, -0.0136178, 0.0015638, -0.00261352, 0.00692244, -0.0134906, 0.476043, -0.00559326, 0.0137727, 0.432, -1.16587, 2.1895
321, 0.00696738, -0.0134712, 0.00713765, -0.0137982, 0.00144381, -0.00239218, 0.00694571, -0.0134806, 0.477535, -0.00559326, 0.0137727, 0.432, -1.34247, 2.53592
322, 0.00696738, -0.0134712, 0.00724809, -0.0140103, 0.00130791, -0.00213898, 0.00695934, -0.0134747, 0.478706, -0.00559326, 0.0137727, 0.432, -1.09793, 2.07326
323, 0.00696738, -0.0134712, 0.00729709, -0.0141044, 0.00115546, -0.0018527, 0.00696562, -0.013472, 0.479521, -0.00559326, 0.0137727, 0.432, 0.0819874, -0.186206
324, 0.00696738, -0.0134712, 0.00711256, -0.01375, 0.00098598, -0.00153242, 0.00696731, -0.0134712, 0.479945, -0.00559326, 0.0137727, 0.432, 2.7988, -5.39787
325, 0.00696738, -0.0134712, 0.00641267, -0.0124056, 0.000799631, -0.0011785, 0.00696738, -0.0134712, 0.48, -0.00559326, 0.0137727, 0.432, 7.31132, -14.0588
326, 0.0064923, -0.0125587, 0.00486952, -0.0094415, 0.000598005, -0.000793984, 0.00696738, -0.0134712, 0.48, -0.00559326, 0.0137727, 0.432, 12.5897, -24.191
327, 0.00337576, -0.00657235, 0.00234638, -0.00459501, 0.00038491, -0.000386205, 0.00696738, -0.0134712, 0.48, -0.00559326, 0.0137727, 0.432, 15.6432, -30.0494
328, -0.00110901, 0.00204209, -0.000742235, 0.00133767, 0.000166602, 3.28181e-05, 0.00696738, -0.0134712, 0.48, -0.00559326, 0.0137727, 0.432, 14.5753, -27.9914
329, -0.0051377, 0.00978048, -0.00363246, 0.00688926, -4.92614e-05, 0.000448376, 0.00696738, -0.0134712, 0.48, -0.00559326, 0.0137727, 0.48, 10.0614, -19.3145
330, -0.006886, 0.0131387, -0.00568484, 0.0108315, -0.000255511, 0.000846701, 0.00696738, -0.0134712, 0.48, -0.00559377, 0.0137725, 0.480216, 4.87478, -9.34505
331, -0.006886, 0.0131387, -0.00677084, 0.0129175, -0.000447053, 0.00121802, 0.00696738, -0.0134712, 0.48, -0.00559731, 0.0137707, 0.480839, 1.23236, -2.34181
332, -0.006886, 0.0131387, -0.00717117, 0.0136865, -0.00062126, 0.00155728, 0.00696738, -0.0134712, 0.48, -0.00560674, 0.0137661, 0.481837, -0.644764, 1.27067
333, -0.006886, 0.0131387, -0.00720895, 0.0137591, -0.000777351, 0.00186301, 0.00696738, -0.0134712, 0.48, -0.00562453, 0.0137574, 0.483173, -1.27466, 2.48756
334, -0.006886, 0.0131387, -0.00711327, 0.0135753, -0.000915548, 0.00213565, 0.00696738, -0.0134712, 0.48, -0.00565269, 0.0137436, 0.484813, -1.24819, 2.44378
335, -0.006886, 0.0131387, -0.00700514, 0.0133676, -0.00103645, 0.00237636, 0.00696738, -0.0134712, 0.48, -0.00569257, 0.013724, 0.486722, -0.982512, 1.94069
336, -0.006886, 0.0131387, -0.00692909, 0.0132215, -0.00114067, 0.00258636, 0.00696738, -0.0134712, 0.48, -0.00574482, 0.0136984, 0.488865, -0.69716, 1.39996
337, -0.006886, 0.0131387, -0.00688922, 0.0131449, -0.00122872, 0.00276664, 0.00696738, -0.0134712, 0.48, -0.00580935, 0.0136667, 0.491209, -0.472212, 0.975454
338, -0.006886, 0.0131387, -0.0068748, 0.0131172, -0.00130095, 0.00291792, 0.00696738, -0.0134712, 0.48, -0.00588533, 0.0136295, 0.493717, -0.314443, 0.680186
339, -0.006886, 0.0131387, -0.00687377, 0.0131152, -0.00135762, 0.00304072, 0.00696738, -0.0134712, 0.48, -0.00597123, 0.0135873, 0.496356, -0.203999, 0.476003
340, -0.006886, 0.0131387, -0.00687761, 0.0131225, -0.00139888, 0.00313539, 0.00696738, -0.0134712, 0.48, -0.00606492, 0.0135414, 0.49909, -0.119, 0.320802
341, -0.006886, 0.0131387, -0.00688174, 0.0131304, -0.00142485, 0.00320217, 0.00696738, -0.0134712, 0.48, -0.0061638, 0.0134929, 0.501885, -0.044518, 0.185773
342, -0.006886, 0.0131387, -0.00688431, 0.0131354, -0.00143559, 0.00324124, 0.00696738, -0.0134712, 0.48, -0.00626497, 0.0134433, 0.504706, 0.0268245, 0.056574
343, -0.006886, 0.0131387, -0.00688476, 0.0131365, -0.00143111, 0.0032527, 0.00696738, -0.0134712, 0.48, -0.00636537, 0.013394, 0.507518, 0.0977087, -0.0720139
344, -0.006886, 0.0131387, -0.00688299, 0.0131336, -0.00141142, 0.00323656, 0.00696738, -0.0134712, 0.48, -0.00646201, 0.0133466, 0.510287, 0.169998, -0.203252
345, -0.006886, 0.0131387, -0.00687921, 0.0131271, -0.00137644, 0.00319279, 0.00696738, -0.0134712, 0.48, -0.0065521, 0.0133024, 0.512978, 0.248797, -0.345761
346, -0.006886, 0.0131387, -0.00687453, 0.013119, -0.00132611, 0.00312129, 0.00696738, -0.0134712, 0.48, -0.00663327, 0.0132626, 0.515556, 0.346133, -0.520004
347, -0.006886, 0.0131387, -0.00687221, 0.013115, -0.00126029, 0.00302188, 0.00696738, -0.0134712, 0.48, -0.00670367, 0.0132281, 0.517986, 0.482586, -0.761146
348, -0.006886, 0.0131387, -0.00687926, 0.0131271, -0.00117879, 0.00289428, 0.00696738, -0.0134712, 0.48, -0.00676212, 0.0131994, 0.520234, 0.682825, -1.11146
349, -0.006886, 0.0131387, -0.00690713, 0.0131749, -0.00108137, 0.0027381, 0.00696738, -0.0134712, 0.48, -0.00680815, 0.0131768, 0.522264, 0.958403, -1.59079
350, -0.006886, 0.0131387, -0.00696929, 0.0132814, -0.000967673, 0.00255275, 0.00696738, -0.0134712, 0.48, -0.00684204, 0.0131602, 0.524043, 1.26958, -2.13104
351, -0.006886, 0.0131387, -0.00707177, 0.0134571, -0.000837201, 0.00233743, 0.00696738, -0.0134712, 0.48, -0.00686481, 0.013149, 0.525535, 1.4626, -2.46859
352, -0.006886, 0.0131387, -0.00719225, 0.0136637, -0.000689315, 0.00209104, 0.00696738, -0.0134712, 0.48, -0.00687813, 0.0131425, 0.526706, 1.19614, -2.01819
353, -0.006886, 0.0131387, -0.00724572, 0.0137553, -0.000523306, 0.0018124, 0.00696738, -0.0134712, 0.48, -0.00688428, 0.0131395, 0.527521, -0.0908274, 0.182056
354, -0.006886, 0.0131387, -0.00704439, 0.0134101, -0.000338649, 0.00150063, 0.00696738, -0.0134712, 0.48, -0.00688593, 0.0131387, 0.527945, -3.05458, 5.25736
355, -0.006886, 0.0131387, -0.00628081, 0.0121009, -0.000135533, 0.00115605, 0.00696738, -0.0134712, 0.48, -0.006886, 0.0131387, 0.528, -7.97746, 13.6918
356, -0.00636768, 0.01225, -0.00459721, 0.00921426, 8.43109e-05, 0.000781655, 0.00696738, -0.0134712, 0.48, -0.006886, 0.0131387, 0.528, -13.736, 23.559
357, -0.0029675, 0.00642008, -0.00184443, 0.00449441, 0.000316727, 0.000384571, 0.00696738, -0.0134712, 0.48, -0.006886, 0.0131387, 0.528, -17.067, 29.2642
358, 0.00192544, -0.00196925, 0.00152529, -0.00128323, 0.000554888, -2.3495e-05, 0.00696738, -0.0134712, 0.48, -0.006886, 0.0131387, 0.528, -15.9015, 27.2598
359, 0.00632079, -0.00950542, 0.00467855, -0.00668976, 0.000790442, -0.000428217, 0.00696738, -0.0134712, 0.528, -0.006886, 0.0131387, 0.528, -10.9766, 18.8095
360, 0.0082282, -0.0127758, 0.00691773, -0.010529, 0.00101557, -0.000816187, 0.00696788, -0.0134709, 0.528216, -0.006886, 0.0131387, 0.528, -5.31755, 9.10039
361, 0.0082282, -0.0127758, 0.00810257, -0.0125605, 0.0012247, -0.00117788, 0.00697133, -0.013469, 0.528839, -0.006886, 0.0131387, 0.528, -1.3433, 2.27998
362, 0.0082282, -0.0127758, 0.00853933, -0.0133094, 0.00141499, -0.0015084, 0.00698052, -0.0134639, 0.529837, -0.006886, 0.0131387, 0.528, 0.70499, -1.23827
363, 0.0082282, -0.0127758, 0.00858055, -0.01338, 0.00158557, -0.00180629, 0.00699788, -0.0134544, 0.531173, -0.006886, 0.0131387, 0.528, 1.39255, -2.42353
364, 0.0082282, -0.0127758, 0.00847616, -0.013201, 0.00173669, -0.00207198, 0.00702534, -0.0134392, 0.532813, -0.006886, 0.0131387, 0.528, 1.36401, -2.38108
365, 0.0082282, -0.0127758, 0.00835819, -0.0129988, 0.001869, -0.00230662, 0.00706423, -0.0134178, 0.534722, -0.006886, 0.0131387, 0.528, 1.0745, -1.89131
366, 0.0082282, -0.0127758, 0.00827522, -0.0128565, 0.00198318, -0.00251137, 0.00711519, -0.0133897, 0.536865, -0.006886, 0.0131387, 0.528, 0.763529, -1.3649
367, 0.0082282, -0.0127758, 0.00823172, -0.0127819, 0.00207978, -0.00268722, 0.00717814, -0.013355, 0.539209, -0.006886, 0.0131387, 0.528, 0.518472, -0.951674
368, 0.0082282, -0.0127758, 0.00821599, -0.0127549, 0.00215918, -0.00283486, 0.00725224, -0.0133141, 0.541717, -0.006886, 0.0131387, 0.528, 0.346717, -0.664316
369, 0.0082282, -0.0127758, 0.00821487, -0.012753, 0.00222168, -0.0029548, 0.00733602, -0.0132679, 0.544356, -0.006886, 0.0131387, 0.528, 0.226603, -0.465667
370, 0.0082282, -0.0127758, 0.00821905, -0.0127601, 0.00226744, -0.00304738, 0.00742739, -0.0132175, 0.54709, -0.006886, 0.0131387, 0.528, 0.134255, -0.314723
371, 0.0082282, -0.0127758, 0.00822356, -0.0127678, 0.00229658, -0.00311284, 0.00752383, -0.0131643, 0.549885, -0.006886, 0.0131387, 0.528, 0.0533804, -0.183423
372, 0.0082282, -0.0127758, 0.00822636, -0.0127727, 0.00230918, -0.00315135, 0.0076225, -0.0131099, 0.552706, -0.006886, 0.0131387, 0.528, -0.0240791, -0.0577962
373, 0.0082282, -0.0127758, 0.00822686, -0.0127737, 0.00230526, -0.003163, 0.00772043, -0.0130559, 0.555518, -0.006886, 0.0131387, 0.528, -0.101052, 0.0672425
374, 0.0082282, -0.0127758, 0.00822495, -0.0127709, 0.00228481, -0.00314783, 0.00781468, -0.0130039, 0.558287, -0.006886, 0.0131387, 0.528, -0.179554, 0.194861
375, 0.0082282, -0.0127758, 0.00822087, -0.0127646, 0.00224778, -0.00310579, 0.00790254, -0.0129554, 0.560978, -0.006886, 0.0131387, 0.528, -0.265101, 0.333425
376, 0.0082282, -0.0127758, 0.0082158, -0.0127568, 0.00219407, -0.00303679, 0.00798171, -0.0129118, 0.563556, -0.006886, 0.0131387, 0.528, -0.370678, 0.502792
377, 0.0082282, -0.0127758, 0.0082133, -0.0127529, 0.00212355, -0.00294065, 0.00805038, -0.0128739, 0.565986, -0.006886, 0.0131387, 0.528, -0.518505, 0.737082
378, 0.0082282, -0.0127758, 0.00822091, -0.0127646, 0.00203603, -0.00281711, 0.00810739, -0.0128425, 0.568234, -0.006886, 0.0131387, 0.528, -0.735269, 1.07735
379, 0.0082282, -0.0127758, 0.00825102, -0.012811, 0.00193123, -0.00266578, 0.00815228, -0.0128177, 0.570264, -0.006886, 0.0131387, 0.528, -1.0335, 1.54288
380, 0.0082282, -0.0127758, 0.0083182, -0.0129144, 0.00180877, -0.00248611, 0.00818533, -0.0127995, 0.572043, -0.006886, 0.0131387, 0.528, -1.37026, 2.06759
381, 0.0082282, -0.0127758, 0.00842897, -0.0130849, 0.00166811, -0.00227729, 0.00820754, -0.0127872, 0.573535, -0.006886, 0.0131387, 0.528, -1.5793, 2.39552
382, 0.0082282, -0.0127758, 0.00855921, -0.0132855, 0.00150858, -0.00203828, 0.00822053, -0.0127801, 0.574706, -0.006886, 0.0131387, 0.528, -1.29158, 1.95846
383, 0.0082282, -0.0127758, 0.00861701, -0.0133745, 0.00132939, -0.00176793, 0.00822653, -0.0127768, 0.575521, -0.006886, 0.0131387, 0.528, 0.0994503, -0.177483
384, 0.0082282, -0.0127758, 0.00839936, -0.0130394, 0.00112999, -0.00146537, 0.00822814, -0.0127759, 0.575945, -0.006886, 0.0131387, 0.528, 3.30329, -5.10473
385, 0.0082282, -0.0127758, 0.00757384, -0.0117683, 0.000910573, -0.00113094, 0.0082282, -0.0127758, 0.576, -0.006886, 0.0131387, 0.528, 8.62521, -13.2933
386, 0.00766784, -0.011913, 0.00575368, -0.00896573, 0.00067302, -0.000767527, 0.0082282, -0.0127758, 0.576, -0.006886, 0.0131387, 0.528, 14.8505, -22.8728
387, 0.00399185, -0.00625302, 0.00277761, -0.00438341, 0.000421821, -0.000382052, 0.0082282, -0.0127758, 0.576, -0.006886, 0.0131387, 0.528, 18.4515, -28.4116
388, -0.00129798, 0.00189187, -0.000865443, 0.00122589, 0.000164355, 1.41147e-05, 0.0082282, -0.0127758, 0.576, -0.006886, 0.0131387, 0.528, 17.1912, -26.4654
389, -0.00604987, 0.00920847, -0.00427449, 0.00647489, -9.03439e-05, 0.000407067, 0.0082282, -0.0127758, 0.576, -0.006886, 0.0131387, 0.576, 11.8665, -18.2611
390, -0.00811201, 0.0123836, -0.0066953, 0.0102023, -0.000333822, 0.000783787, 0.0082282, -0.0127758, 0.576, -0.00688648, 0.0131384, 0.576216, 5.74807, -8.83476
391, -0.00811201, 0.0123836, -0.00797624, 0.0121746, -0.000560072, 0.00113503, 0.0082282, -0.0127758, 0.576, -0.00688984, 0.0131363, 0.576839, 1.45115, -2.2129
392, -0.00811201, 0.0123836, -0.00844843, 0.0129016, -0.000765993, 0.00145603, 0.0082282, -0.0127758, 0.576, -0.00689878, 0.0131308, 0.577837, -0.763591, 1.20302
393, -0.00811201, 0.0123836, -0.00849299, 0.0129702, -0.000950667, 0.00174539, 0.0082282, -0.0127758, 0.576, -0.00691566, 0.0131204, 0.579173, -1.50723, 2.35392
394, -0.00811201, 0.0123836, -0.00838013, 0.0127965, -0.00111436, 0.00200353, 0.0082282, -0.0127758, 0.576, -0.00694236, 0.0131039, 0.580813, -1.47668, 2.31289
395, -0.00811201, 0.0123836, -0.00825259, 0.0126001, -0.00125777, 0.00223154, 0.0082282, -0.0127758, 0.576, -0.00698018, 0.0130806, 0.582722, -1.164, 1.83757
396, -0.00811201, 0.0123836, -0.00816288, 0.012462, -0.00138164, 0.00243058, 0.0082282, -0.0127758, 0.576, -0.00702973, 0.0130501, 0.584865, -0.828132, 1.32669
397, -0.00811201, 0.0123836, -0.00811585, 0.0123895, -0.00148656, 0.00260159, 0.0082282, -0.0127758, 0.576, -0.00709094, 0.0130124, 0.587209, -0.563528, 0.925694
398, -0.00811201, 0.0123836, -0.00809885, 0.0123633, -0.00157296, 0.00274525, 0.0082282, -0.0127758, 0.576, -0.00716299, 0.0129681, 0.589717, -0.378181, 0.646907
399, -0.00811201, 0.0123836, -0.00809763, 0.0123614, -0.00164113, 0.00286204, 0.0082282, -0.0127758, 0.576, -0.00724446, 0.0129179, 0.592356, -0.248673, 0.454249
400, -0.00811201, 0.0123836, -0.00810214, 0.0123684, -0.00169127, 0.00295232, 0.0082282, -0.0127758, 0.576, -0.00733331, 0.0128632, 0.59509, -0.149187, 0.307908
401, -0.00811201, 0.0123836, -0.00810702, 0.0123759, -0.00172352, 0.0030163, 0.0082282, -0.0127758, 0.576, -0.00742709, 0.0128054, 0.597885, -0.0621032, 0.180639
402, -0.00811201, 0.0123836, -0.00811005, 0.0123806, -0.00173795, 0.00305416, 0.0082282, -0.0127758, 0.576, -0.00752303, 0.0127463, 0.600706, 0.0212966, 0.058872
403, -0.00811201, 0.0123836, -0.0081106, 0.0123816, -0.00173459, 0.00306599, 0.0082282, -0.0127758, 0.576, -0.00761825, 0.0126877, 0.603518, 0.104182, -0.0623307
404, -0.00811201, 0.0123836, -0.00810855, 0.0123788, -0.00171343, 0.00305181, 0.0082282, -0.0127758, 0.576, -0.0077099, 0.0126312, 0.606287, 0.188719, -0.186037
405, -0.00811201, 0.0123836, -0.00810417, 0.0123728, -0.00167441, 0.00301159, 0.0082282, -0.0127758, 0.576, -0.00779534, 0.0125786, 0.608978, 0.280818, -0.320337
406, -0.00811201, 0.0123836, -0.00809873, 0.0123652, -0.00161745, 0.00294524, 0.0082282, -0.0127758, 0.576, -0.00787232, 0.0125312, 0.611556, 0.394402, -0.484445
407, -0.00811201, 0.0123836, -0.00809604, 0.0123614, -0.0015424, 0.00285259, 0.0082282, -0.0127758, 0.576, -0.00793909, 0.0124901, 0.613986, 0.553302, -0.711374
408, -0.00811201, 0.0123836, -0.00810421, 0.0123728, -0.00144904, 0.00273339, 0.0082282, -0.0127758, 0.576, -0.00799453, 0.012456, 0.616234, 0.786145, -1.04085
409, -0.00811201, 0.0123836, -0.00813651, 0.0124176, -0.00133709, 0.00258726, 0.0082282, -0.0127758, 0.576, -0.00803818, 0.0124291, 0.618264, 1.10637, -1.49154
410, -0.00811201, 0.0123836, -0.00820856, 0.0125177, -0.00120614, 0.00241366, 0.0082282, -0.0127758, 0.576, -0.00807032, 0.0124093, 0.620043, 1.46792, -1.99948
411, -0.00811201, 0.0123836, -0.00832739, 0.0126827, -0.00105563, 0.00221183, 0.0082282, -0.0127758, 0.576, -0.00809191, 0.012396, 0.621535, 1.69246, -2.31701
412, -0.00811201, 0.0123836, -0.0084671, 0.0128768, -0.000884798, 0.00198075, 0.0082282, -0.0127758, 0.576, -0.00810455, 0.0123882, 0.622706, 1.38411, -1.89426
413, -0.00811201, 0.0123836, -0.00852911, 0.0129629, -0.000692838, 0.0017193, 0.0082282, -0.0127758, 0.576, -0.00811038, 0.0123846, 0.623521, -0.10781, 0.172478
414, -0.00811201, 0.0123836, -0.00829563, 0.0126386, -0.000479139, 0.00142665, 0.0082282, -0.0127758, 0.576, -0.00811195, 0.0123836, 0.623945, -3.54438, 4.94032
415, -0.00811201, 0.0123836, -0.00741007, 0.0114086, -0.000243922, 0.00110313, 0.0082282, -0.0127758, 0.576, -0.00811201, 0.0123836, 0.624, -9.25306, 12.8641
416, -0.00751089, 0.0115487, -0.00545753, 0.00869662, 1.08044e-05, 0.00075152, 0.0082282, -0.0127758, 0.576, -0.00811201, 0.0123836, 0.624, -15.9308, 22.1339
417, -0.00356756, 0.00607156, -0.00226503, 0.00426238, 0.00028022, 0.000378536, 0.0082282, -0.0127758, 0.576, -0.00811201, 0.0123836, 0.624, -19.7934, 27.4935
418, 0.00210699, -0.00181014, 0.00164298, -0.00116567, 0.000556407, -4.82868e-06, 0.0082282, -0.0127758, 0.576, -0.00811201, 0.0123836, 0.624, -18.4412, 25.61
419, 0.00720446, -0.00889031, 0.00529995, -0.00624505, 0.000829679, -0.000385115, 0.0082282, -0.0127758, 0.624, -0.00811201, 0.0123836, 0.624, -12.7289, 17.6707
420, 0.00941657, -0.0119628, 0.00789682, -0.00985198, 0.00109096, -0.000749727, 0.00822867, -0.0127755, 0.624216, -0.00811201, 0.0123836, 0.624, -6.1653, 8.54874
421, 0.00941657, -0.0119628, 0.00927092, -0.0117605, 0.00133382, -0.00108972, 0.00823193, -0.0127733, 0.624839, -0.00811201, 0.0123836, 0.624, -1.55559, 2.14068
422, 0.00941657, -0.0119628, 0.00977745, -0.0124641, 0.00155492, -0.00140048, 0.00824059, -0.0127674, 0.625837, -0.00811201, 0.0123836, 0.624, 0.820503, -1.16504
423, 0.00941657, -0.0119628, 0.00982526, -0.0125305, 0.00175328, -0.00168065, 0.00825695, -0.0127562, 0.627173, -0.00811201, 0.0123836, 0.624, 1.61851, -2.27894
424, 0.00941657, -0.0119628, 0.00970418, -0.0123623, 0.00192918, -0.00193065, 0.00828283, -0.0127385, 0.628813, -0.00811201, 0.0123836, 0.624, 1.58603, -2.23942
425, 0.00941657, -0.0119628, 0.00956737, -0.0121723, 0.00208338, -0.00215153, 0.00831949, -0.0127134, 0.630722, -0.00811201, 0.0123836, 0.624, 1.25091, -1.77966
426, 0.00941657, -0.0119628, 0.00947114, -0.0120386, 0.00221667, -0.0023444, 0.00836753, -0.0126805, 0.632865, -0.00811201, 0.0123836, 0.624, 0.89092, -1.28548
427, 0.00941657, -0.0119628, 0.00942069, -0.0119686, 0.00232969, -0.00251019, 0.00842685, -0.0126399, 0.635209, -0.00811201, 0.0123836, 0.624, 0.607385, -0.897652
428, 0.00941657, -0.0119628, 0.00940245, -0.0119432, 0.0024229, -0.00264955, 0.0084967, -0.0125922, 0.637717, -0.00811201, 0.0123836, 0.624, 0.40888, -0.628082
429, 0.00941657, -0.0119628, 0.00940114, -0.0119414, 0.00249661, -0.00276295, 0.00857566, -0.0125381, 0.640356, -0.00811201, 0.0123836, 0.624, 0.270282, -0.441864
430, 0.00941657, -0.0119628, 0.00940598, -0.0119481, 0.00255105, -0.00285073, 0.00866178, -0.0124792, 0.64309, -0.00811201, 0.0123836, 0.624, 0.163895, -0.30047
431, 0.00941657, -0.0119628, 0.00941121, -0.0119553, 0.00258635, -0.00291311, 0.00875268, -0.012417, 0.645885, -0.00811201, 0.0123836, 0.624, 0.0708106, -0.177529
432, 0.00941657, -0.0119628, 0.00941446, -0.0119599, 0.0026026, -0.00295025, 0.00884568, -0.0123534, 0.648706, -0.00811201, 0.0123836, 0.624, -0.0183297, -0.0599085
433, 0.00941657, -0.0119628, 0.00941506, -0.0119609, 0.00259983, -0.00296224, 0.00893798, -0.0122903, 0.651518, -0.00811201, 0.0123836, 0.624, -0.106928, 0.0571732
434, 0.00941657, -0.0119628, 0.00941289, -0.0119582, 0.00257804, -0.0029491, 0.00902681, -0.0122295, 0.654287, -0.00811201, 0.0123836, 0.624, -0.197297, 0.176676
435, 0.00941657, -0.0119628, 0.00940822, -0.0119524, 0.00253717, -0.00291082, 0.00910963, -0.0121728, 0.656978, -0.00811201, 0.0123836, 0.624, -0.295726, 0.306398
436, 0.00941657, -0.0119628, 0.00940242, -0.0119451, 0.00247711, -0.0028473, 0.00918425, -0.0121218, 0.659556, -0.00811201, 0.0123836, 0.624, -0.417047, 0.464862
437, 0.00941657, -0.0119628, 0.00939956, -0.0119415, 0.00239772, -0.00275838, 0.00924897, -0.0120775, 0.661986, -0.00811201, 0.0123836, 0.624, -0.586644, 0.683899
438, 0.00941657, -0.0119628, 0.00940826, -0.0119524, 0.00229878, -0.00264381, 0.0093027, -0.0120407, 0.664234, -0.00811201, 0.0123836, 0.624, -0.83502, 1.00182
439, 0.00941657, -0.0119628, 0.00944267, -0.0119956, 0.00217998, -0.00250324, 0.00934501, -0.0120118, 0.666264, -0.00811201, 0.0123836, 0.624, -1.17649, 1.43662
440, 0.00941657, -0.0119628, 0.00951945, -0.0120921, 0.00204089, -0.00233615, 0.00937617, -0.0119905, 0.668043, -0.00811201, 0.0123836, 0.624, -1.56199, 1.92662
441, 0.00941657, -0.0119628, 0.00964605, -0.0122513, 0.00188089, -0.00214179, 0.00939709, -0.0119762, 0.669535, -0.00811201, 0.0123836, 0.624, -1.8015, 2.233
442, 0.00941657, -0.0119628, 0.00979492, -0.0124384, 0.00169921, -0.0019192, 0.00940934, -0.0119678, 0.670706, -0.00811201, 0.0123836, 0.624, -1.4732, 1.82553
443, 0.00941657, -0.0119628, 0.00986099, -0.0125215, 0.00149496, -0.00166729, 0.00941499, -0.0119639, 0.671521, -0.00811201, 0.0123836, 0.624, 0.116172, -0.167254
444, 0.00941657, -0.0119628, 0.00961221, -0.0122087, 0.00126751, -0.00138526, 0.00941651, -0.0119629, 0.671945, -0.00811201, 0.0123836, 0.624, 3.77756, -4.76472
445, 0.00941657, -0.0119628, 0.00866865, -0.0110226, 0.00101708, -0.00107342, 0.00941657, -0.0119628, 0.672, -0.00811201, 0.0123836, 0.624, 9.85988, -12.4055
446, 0.00877609, -0.0111577, 0.00658824, -0.00840747, 0.000745817, -0.000734475, 0.00941657, -0.0119628, 0.672, -0.00811201, 0.0123836, 0.624, 16.9748, -21.3442
447, 0.0045745, -0.00587612, 0.00318665, -0.00413151, 0.000458861, -0.000374879, 0.00941657, -0.0119628, 0.672, -0.00811201, 0.0123836, 0.624, 21.09, -26.5123
448, -0.00147169, 0.00172423, -0.000977294, 0.00110277, 0.000164644, -5.24096e-06, 0.00941657, -0.0119628, 0.672, -0.00811201, 0.0123836, 0.624, 19.649, -24.6959
449, -0.00690301, 0.00855166, -0.00487377, 0.00600083, -0.000126508, 0.00036146, 0.00941657, -0.0119628, 0.672, -0.00811201, 0.0123836, 0.672, 13.5624, -17.0398
450, -0.00926, 0.0115145, -0.00764071, 0.00947901, -0.000404934, 0.000713078, 0.00941657, -0.0119628, 0.672, -0.00811246, 0.0123833, 0.672216, 6.56868, -8.24328
451, -0.00926, 0.0115145, -0.00910481, 0.0113194, -0.000663765, 0.00104099, 0.00941657, -0.0119628, 0.672, -0.00811561, 0.0123809, 0.672839, 1.65683, -2.0638
452, -0.00926, 0.0115145, -0.00964451, 0.0119979, -0.000899462, 0.00134074, 0.00941657, -0.0119628, 0.672, -0.00812398, 0.0123745, 0.673837, -0.875121, 1.1241
453, -0.00926, 0.0115145, -0.00969545, 0.0120619, -0.00111097, 0.00161103, 0.00941657, -0.0119628, 0.672, -0.00813978, 0.0123626, 0.675173, -1.72564, 2.19841
454, -0.00926, 0.0115145, -0.00956645, 0.0118998, -0.0012986, 0.00185225, 0.00941657, -0.0119628, 0.672, -0.00816478, 0.0123436, 0.676813, -1.69128, 2.16048
455, -0.00926, 0.0115145, -0.00942068, 0.0117165, -0.00146316, 0.00206543, 0.00941657, -0.0119628, 0.672, -0.00820019, 0.0123168, 0.678722, -1.33447, 1.71731
456, -0.00926, 0.0115145, -0.00931814, 0.0115876, -0.00160548, 0.00225164, 0.00941657, -0.0119628, 0.672, -0.0082466, 0.0122817, 0.680865, -0.951156, 1.24096
457, -0.00926, 0.0115145, -0.00926438, 0.01152, -0.00172624, 0.00241175, 0.00941657, -0.0119628, 0.672, -0.0083039, 0.0122383, 0.683209, -0.649316, 0.867166
458, -0.00926, 0.0115145, -0.00924495, 0.0114956, -0.00182595, 0.00254643, 0.00941657, -0.0119628, 0.672, -0.00837138, 0.0121872, 0.685717, -0.438082, 0.607415
459, -0.00926, 0.0115145, -0.00924355, 0.0114938, -0.00190494, 0.0026561, 0.00941657, -0.0119628, 0.672, -0.00844766, 0.0121295, 0.688356, -0.290683, 0.428044
460, -0.00926, 0.0115145, -0.00924871, 0.0115003, -0.00196343, 0.0027411, 0.00941657, -0.0119628, 0.672, -0.00853085, 0.0120665, 0.69109, -0.177607, 0.291899
461, -0.00926, 0.0115145, -0.00925428, 0.0115073, -0.00200159, 0.00280165, 0.00941657, -0.0119628, 0.672, -0.00861867, 0.012, 0.693885, -0.0787034, 0.173546
462, -0.00926, 0.0115145, -0.00925775, 0.0115117, -0.0020195, 0.0028379, 0.00941657, -0.0119628, 0.672, -0.00870851, 0.011932, 0.696706, 0.0160073, 0.0603177
463, -0.00926, 0.0115145, -0.0092584, 0.0115126, -0.00201721, 0.00284993, 0.00941657, -0.0119628, 0.672, -0.00879767, 0.0118645, 0.699518, 0.110153, -0.0523998
464, -0.00926, 0.0115145, -0.0092561, 0.0115101, -0.0019947, 0.00283778, 0.00941657, -0.0119628, 0.672, -0.00888348, 0.0117996, 0.702287, 0.206184, -0.167452
465, -0.00926, 0.0115145, -0.00925115, 0.0115045, -0.00195192, 0.00280142, 0.00941657, -0.0119628, 0.672, -0.00896348, 0.011739, 0.704978, 0.310759, -0.292326
466, -0.00926, 0.0115145, -0.00924502, 0.0114975, -0.00188876, 0.00274077, 0.00941657, -0.0119628, 0.672, -0.00903557, 0.0116844, 0.707556, 0.439579, -0.444811
467, -0.00926, 0.0115145, -0.00924198, 0.011494, -0.00180507, 0.00265566, 0.00941657, -0.0119628, 0.672, -0.00909809, 0.0116371, 0.709986, 0.61953, -0.655486
468, -0.00926, 0.0115145, -0.00925119, 0.0115045, -0.00170061, 0.00254588, 0.00941657, -0.0119628, 0.672, -0.00915, 0.0115978, 0.712234, 0.882914, -0.96115
469, -0.00926, 0.0115145, -0.00928764, 0.011546, -0.00157506, 0.00241107, 0.00941657, -0.0119628, 0.672, -0.00919087, 0.0115668, 0.714264, 1.2449, -1.37909
470, -0.00926, 0.0115145, -0.00936896, 0.0116387, -0.00142795, 0.00225074, 0.00941657, -0.0119628, 0.672, -0.00922097, 0.0115441, 0.716043, 1.6535, -1.85007
471, -0.00926, 0.0115145, -0.00950306, 0.0117916, -0.00125865, 0.00206417, 0.00941657, -0.0119628, 0.672, -0.00924118, 0.0115288, 0.717535, 1.90749, -2.14464
472, -0.00926, 0.0115145, -0.00966073, 0.0119714, -0.00106633, 0.00185044, 0.00941657, -0.0119628, 0.672, -0.00925301, 0.0115198, 0.718706, 1.56007, -1.75342
473, -0.00926, 0.0115145, -0.0097307, 0.0120512, -0.000850052, 0.00160849, 0.00941657, -0.0119628, 0.672, -0.00925847, 0.0115157, 0.719521, -0.123039, 0.16077
474, -0.00926, 0.0115145, -0.00946721, 0.0117508, -0.000609138, 0.00133757, 0.00941657, -0.0119628, 0.672, -0.00925994, 0.0115146, 0.719945, -4.00075, 4.57722
475, -0.00926, 0.0115145, -0.00846783, 0.0106113, -0.000343838, 0.00103797, 0.00941657, -0.0119628, 0.672, -0.00926, 0.0115145, 0.72, -10.4426, 11.9173
476, -0.00858162, 0.010741, -0.00626433, 0.00809895, -5.64177e-05, 0.000712279, 0.00941657, -0.0119628, 0.672, -0.00926, 0.0115145, 0.72, -17.9781, 20.5043
477, -0.00413145, 0.00566713, -0.0026615, 0.00399113, 0.000247682, 0.000366712, 0.00941657, -0.0119628, 0.672, -0.00926, 0.0115145, 0.72, -22.3366, 25.469
478, 0.00227245, -0.00163436, 0.0017488, -0.00103733, 0.000559527, 1.14541e-05, 0.00941657, -0.0119628, 0.672, -0.00926, 0.0115145, 0.72, -20.81, 23.7237
479, 0.00802511, -0.00819332, 0.00587581, -0.00574279, 0.000868185, -0.000341026, 0.00941657, -0.0119628, 0.72, -0.00926, 0.0115145, 0.72, -14.363, 16.3684
480, 0.0105215, -0.0110397, 0.00880646, -0.0090842, 0.00116342, -0.00067906, 0.00941701, -0.0119625, 0.720216, -0.00926, 0.0115145, 0.72, -6.95516, 7.91757
481, 0.0105215, -0.0110397, 0.0103572, -0.0108523, 0.00143796, -0.000994362, 0.00942004, -0.0119599, 0.720839, -0.00926, 0.0115145, 0.72, -1.75239, 1.98083
482, 0.0105215, -0.0110397, 0.0109288, -0.011504, 0.00168805, -0.00128266, 0.00942809, -0.0119532, 0.721837, -0.00926, 0.0115145, 0.72, 0.929697, -1.08196
483, 0.0105215, -0.0110397, 0.0109828, -0.0115655, 0.00191259, -0.0015427, 0.0094433, -0.0119405, 0.723173, -0.00926, 0.0115145, 0.72, 1.83087, -2.1143
484, 0.0105215, -0.0110397, 0.0108461, -0.0114098, 0.0021119, -0.00177486, 0.00946737, -0.0119204, 0.724813, -0.00926, 0.0115145, 0.72, 1.79483, -2.07812
485, 0.0105215, -0.0110397, 0.0106917, -0.0112337, 0.00228683, -0.00198014, 0.00950145, -0.0118919, 0.726722, -0.00926, 0.0115145, 0.72, 1.41726, -1.65266
486, 0.0105215, -0.0110397, 0.0105831, -0.0111099, 0.00243827, -0.00215955, 0.00954612, -0.0118546, 0.728865, -0.00926, 0.0115145, 0.72, 1.01164, -1.19532
487, 0.0105215, -0.0110397, 0.0105262, -0.011045, 0.00256696, -0.00231395, 0.00960128, -0.0118085, 0.731209, -0.00926, 0.0115145, 0.72, 0.692323, -0.836515
488, 0.0105215, -0.0110397, 0.0105056, -0.0110215, 0.0026734, -0.00244396, 0.00966622, -0.0117543, 0.733717, -0.00926, 0.0115145, 0.72, 0.468985, -0.58728
489, 0.0105215, -0.0110397, 0.0105041, -0.0110198, 0.00275798, -0.00255001, 0.00973964, -0.0116929, 0.736356, -0.00926, 0.0115145, 0.72, 0.313272, -0.415274
490, 0.0105215, -0.0110397, 0.0105096, -0.011026, 0.00282092, -0.00263241, 0.00981972, -0.011626, 0.73909, -0.00926, 0.0115145, 0.72, 0.193923, -0.284801
491, 0.0105215, -0.0110397, 0.0105155, -0.0110327, 0.0028624, -0.00269138, 0.00990424, -0.0115554, 0.741885, -0.00926, 0.0115145, 0.72, 0.089591, -0.171426
492, 0.0105215, -0.0110397, 0.0105192, -0.0110369, 0.00288252, -0.00272707, 0.00999072, -0.0114832, 0.744706, -0.00926, 0.0115145, 0.72, -0.0102996, -0.0629731
493, 0.0105215, -0.0110397, 0.0105198, -0.0110379, 0.00288132, -0.00273956, 0.0100765, -0.0114115, 0.747518, -0.00926, 0.0115145, 0.72, -0.109593, 0.0449912
494, 0.0105215, -0.0110397, 0.0105174, -0.0110354, 0.00285879, -0.00272888, 0.0101591, -0.0113424, 0.750287, -0.00926, 0.0115145, 0.72, -0.210875, 0.155191
495, 0.0105215, -0.0110397, 0.0105122, -0.0110301, 0.00281489, -0.00269501, 0.0102361, -0.0112781, 0.752978, -0.00926, 0.0115145, 0.72, -0.321152, 0.274785
496, 0.0105215, -0.0110397, 0.0105058, -0.0110233, 0.00274949, -0.00263788, 0.0103055, -0.0112201, 0.755556, -0.00926, 0.0115145, 0.72, -0.456963, 0.42079
497, 0.0105215, -0.0110397, 0.0105026, -0.01102, 0.00266245, -0.00255734, 0.0103657, -0.0111699, 0.757986, -0.00926, 0.0115145, 0.72, -0.646627, 0.622457
498, 0.0105215, -0.0110397, 0.0105123, -0.01103, 0.00255351, -0.00245316, 0.0104157, -0.0111281, 0.760234, -0.00926, 0.0115145, 0.72, -0.924177, 0.914993
499, 0.0105215, -0.0110397, 0.0105507, -0.0110698, 0.00242234, -0.00232503, 0.010455, -0.0110953, 0.762264, -0.00926, 0.0115145, 0.72, -1.30559, 1.31494
500, 0.0105215, -0.0110397, 0.0106363, -0.0111585, 0.00226845, -0.00217246, 0.010484, -0.0110711, 0.764043, -0.00926, 0.0115145, 0.72, -1.7361, 1.76561
501, 0.0105215, -0.0110397, 0.0107776, -0.0113048, 0.00209118, -0.00199477, 0.0105034, -0.0110548, 0.765535, -0.00926, 0.0115145, 0.72, -2.0037, 2.04749
502, 0.0105215, -0.0110397, 0.0109437, -0.0114768, 0.00188964, -0.00179109, 0.0105148, -0.0110453, 0.766706, -0.00926, 0.0115145, 0.72, -1.63766, 1.67323
503, 0.0105215, -0.0110397, 0.0110175, -0.0115531, 0.00166288, -0.00156041, 0.0105201, -0.0110409, 0.767521, -0.00926, 0.0115145, 0.72, 0.135609, -0.15818
504, 0.0105215, -0.0110397, 0.0107399, -0.0112657, 0.00141016, -0.001302, 0.0105215, -0.0110397, 0.767945, -0.00926, 0.0115145, 0.72, 4.22103, -4.38368
505, 0.0105215, -0.0110397, 0.00968695, -0.0101755, 0.00113175, -0.00101615, 0.0105215, -0.0110397, 0.768, -0.00926, 0.0115145, 0.72, 11.008, -11.4064
506, 0.00980683, -0.0102996, 0.00736544, -0.00777177, 0.000830057, -0.00070534, 0.0105215, -0.0110397, 0.768, -0.00926, 0.0115145, 0.72, 18.9471, -19.6222
507, 0.00511833, -0.00544509, 0.00356965, -0.00384155, 0.000510802, -0.000375514, 0.0105215, -0.0110397, 0.768, -0.00926, 0.0115145, 0.72, 23.5391, -24.3722
508, -0.00162853, 0.00154071, -0.00107684, 0.000969505, 0.000183402, -3.6422e-05, 0.0105215, -0.0110397, 0.768, -0.00926, 0.0115145, 0.72, 21.9308, -22.7025
509, -0.00768927, 0.0078161, -0.00542487, 0.00547152, -0.000140618, 0.000300006, 0.0105215, -0.0110397, 0.768, -0.00926, 0.0115145, 0.768, 15.1387, -15.6652
510, -0.0103194, 0.0105394, -0.00851246, 0.00866847, -0.000450472, 0.000622604, 0.0105215, -0.0110397, 0.768, -0.00926042, 0.0115141, 0.768216, 7.33428, -7.5798
511, -0.0103194, 0.0105394, -0.0101462, 0.0103601, -0.000738496, 0.00092344, 0.0105215, -0.0110397, 0.768, -0.00926332, 0.0115115, 0.768839, 1.85304, -1.8998
512, -0.0103194, 0.0105394, -0.0107485, 0.0109837, -0.00100074, 0.00119843, 0.0105215, -0.0110397, 0.768, -0.00927104, 0.0115043, 0.769837, -0.9725, 1.03048
513, -0.0103194, 0.0105394, -0.0108053, 0.0110425, -0.00123602, 0.00144636, 0.0105215, -0.0110397, 0.768, -0.00928563, 0.0114909, 0.771173, -1.92173, 2.01808
514, -0.0103194, 0.0105394, -0.0106614, 0.0108935, -0.00144468, 0.00166761, 0.0105215, -0.0110397, 0.768, -0.0093087, 0.0114697, 0.772813, -1.88353, 1.98336
515, -0.0103194, 0.0105394, -0.0104987, 0.0107251, -0.00162762, 0.0018631, 0.0105215, -0.0110397, 0.768, -0.00934138, 0.0114396, 0.774722, -1.4855, 1.57616
516, -0.0103194, 0.0105394, -0.0103843, 0.0106066, -0.00178577, 0.00203383, 0.0105215, -0.0110397, 0.768, -0.0093842, 0.0114002, 0.776865, -1.0579, 1.13845
517, -0.0103194, 0.0105394, -0.0103243, 0.0105445, -0.00191989, 0.00218061, 0.0105215, -0.0110397, 0.768, -0.00943709, 0.0113515, 0.779209, -0.721192, 0.795002
518, -0.0103194, 0.0105394, -0.0103026, 0.010522, -0.00203053, 0.00230401, 0.0105215, -0.0110397, 0.768, -0.00949935, 0.0112942, 0.781717, -0.485585, 0.556373
519, -0.0103194, 0.0105394, -0.010301, 0.0105204, -0.00211807, 0.00240446, 0.0105215, -0.0110397, 0.768, -0.00956975, 0.0112294, 0.784356, -0.321199, 0.391617
520, -0.0103194, 0.0105394, -0.0103068, 0.0105263, -0.00218276, 0.00248226, 0.0105215, -0.0110397, 0.768, -0.00964652, 0.0111587, 0.78709, -0.195096, 0.266579
521, -0.0103194, 0.0105394, -0.010313, 0.0105327, -0.00222477, 0.00253759, 0.0105215, -0.0110397, 0.768, -0.00972756, 0.0110841, 0.789885, -0.0847789, 0.157875
522, -0.0103194, 0.0105394, -0.0103169, 0.0105368, -0.0022442, 0.00257061, 0.0105215, -0.0110397, 0.768, -0.00981047, 0.0110078, 0.792706, 0.0209021, 0.0538482
523, -0.0103194, 0.0105394, -0.0103176, 0.0105377, -0.0022411, 0.00258139, 0.0105215, -0.0110397, 0.768, -0.00989274, 0.0109321, 0.795518, 0.126002, -0.0497453
524, -0.0103194, 0.0105394, -0.0103151, 0.0105354, -0.00221545, 0.00256996, 0.0105215, -0.0110397, 0.768, -0.00997194, 0.0108592, 0.798287, 0.233234, -0.155504
525, -0.0103194, 0.0105394, -0.0103096, 0.0105302, -0.00216719, 0.00253629, 0.0105215, -0.0110397, 0.768, -0.0100458, 0.0107912, 0.800978, 0.349945, -0.270246
526, -0.0103194, 0.0105394, -0.0103028, 0.0105238, -0.0020962, 0.00248031, 0.0105215, -0.0110397, 0.768, -0.0101123, 0.01073, 0.803556, 0.493471, -0.410172
527, -0.0103194, 0.0105394, -0.0102995, 0.0105207, -0.0020023, 0.00240187, 0.0105215, -0.0110397, 0.768, -0.01017, 0.0106769, 0.805986, 0.693507, -0.603146
528, -0.0103194, 0.0105394, -0.0103097, 0.0105302, -0.00188523, 0.00230076, 0.0105215, -0.0110397, 0.768, -0.0102179, 0.0106328, 0.808234, 0.985737, -0.882702
529, -0.0103194, 0.0105394, -0.0103499, 0.0105681, -0.00174462, 0.00217666, 0.0105215, -0.0110397, 0.768, -0.0102556, 0.0105981, 0.810264, 1.38691, -1.2646
530, -0.0103194, 0.0105394, -0.0104398, 0.0106526, -0.00157997, 0.00202912, 0.0105215, -0.0110397, 0.768, -0.0102834, 0.0105725, 0.812043, 1.83963, -1.69485
531, -0.0103194, 0.0105394, -0.0105879, 0.0107919, -0.00139056, 0.00185747, 0.0105215, -0.0110397, 0.768, -0.010302, 0.0105554, 0.813535, 2.12157, -1.96435
532, -0.0103194, 0.0105394, -0.0107621, 0.0109557, -0.00117546, 0.00166087, 0.0105215, -0.0110397, 0.768, -0.010313, 0.0105453, 0.814706, 1.73919, -1.60891
533, -0.0103194, 0.0105394, -0.0108394, 0.0110285, -0.000933644, 0.00143837, 0.0105215, -0.0110397, 0.768, -0.010318, 0.0105407, 0.815521, -0.118661, 0.134421
534, -0.0103194, 0.0105394, -0.0105483, 0.0107547, -0.000664344, 0.00118925, 0.0105215, -0.0110397, 0.768, -0.0103193, 0.0105394, 0.815945, -4.4008, 4.1581
535, -0.0103194, 0.0105394, -0.0094443, 0.00971625, -0.000367829, 0.000913784, 0.0105215, -0.0110397, 0.768, -0.0103194, 0.0105394, 0.816, -11.5155, 10.8461
536, -0.00957001, 0.00983451, -0.00701014, 0.00742669, -4.65939e-05, 0.000614328, 0.0105215, -0.0110397, 0.768, -0.0103194, 0.0105394, 0.816, -19.8382, 18.6704
537, -0.00465398, 0.00521051, -0.00303014, 0.00368312, 0.000293362, 0.00029653, 0.0105215, -0.0110397, 0.768, -0.0103194, 0.0105394, 0.816, -24.6513, 23.1936
538, 0.0024203, -0.00144352, 0.00184184, -0.000899444, 0.000642181, -3.03315e-05, 0.0105215, -0.0110397, 0.768, -0.0103194, 0.0105394, 0.816, -22.9631, 21.6018
539, 0.00877516, -0.00742088, 0.00640088, -0.00518765, 0.000987796, -0.000354904, 0.0105215, -0.0110397, 0.816, -0.0103194, 0.0105394, 0.816, -15.8394, 14.8973
540, 0.0115329, -0.0100148, 0.00963831, -0.00823277, 0.00131891, -0.000666563, 0.0105219, -0.0110393, 0.816216, -0.0103194, 0.0105394, 0.816, -7.65423, 7.19445
541, 0.0115329, -0.0100148, 0.0113514, -0.00984406, 0.00162752, -0.000957767, 0.0105247, -0.0110364, 0.816839, -0.0103194, 0.0105394, 0.816, -1.90485, 1.78266
542, 0.0115329, -0.0100148, 0.0119828, -0.010438, 0.00190948, -0.00122464, 0.0105321, -0.011029, 0.817837, -0.0103194, 0.0105394, 0.816, 1.06005, -1.01009
543, 0.0115329, -0.0100148, 0.0120424, -0.0104941, 0.00216358, -0.00146603, 0.010546, -0.0110149, 0.819173, -0.0103194, 0.0105394, 0.816, 2.0577, -1.9525
544, 0.0115329, -0.0100148, 0.0118915, -0.0103521, 0.00239021, -0.00168232, 0.010568, -0.0109925, 0.820813, -0.0103194, 0.0105394, 0.816, 2.02012, -1.92122
545, 0.0115329, -0.0100148, 0.0117209, -0.0101917, 0.00259031, -0.00187441, 0.0105992, -0.0109609, 0.822722, -0.0103194, 0.0105394, 0.816, 1.60538, -1.53524
546, 0.0115329, -0.0100148, 0.011601, -0.0100788, 0.00276491, -0.00204327, 0.0106401, -0.0109195, 0.824865, -0.0103194, 0.0105394, 0.816, 1.15976, -1.1203
547, 0.0115329, -0.0100148, 0.0115381, -0.0100197, 0.00291481, -0.00218966, 0.0106906, -0.0108684, 0.827209, -0.0103194, 0.0105394, 0.816, 0.809589, -0.795245
548, 0.0115329, -0.0100148, 0.0115153, -0.00999827, 0.00304062, -0.00231417, 0.01075, -0.0108081, 0.829717, -0.0103194, 0.0105394, 0.816, 0.565574, -0.570136
549, 0.0115329, -0.0100148, 0.0115137, -0.00999672, 0.00314275, -0.00241723, 0.0108173, -0.01074, 0.832356, -0.0103194, 0.0105394, 0.816, 0.396394, -0.415502
550, 0.0115329, -0.0100148, 0.0115197, -0.0100024, 0.00322152, -0.00249912, 0.0108905, -0.0106657, 0.83509, -0.0103194, 0.0105394, 0.816, 0.267517, -0.298815
551, 0.0115329, -0.0100148, 0.0115262, -0.0100085, 0.00327712, -0.00256007, 0.0109679, -0.0105874, 0.837885, -0.0103194, 0.0105394, 0.816, 0.155358, -0.197803
552, 0.0115329, -0.0100148, 0.0115303, -0.0100123, 0.00330969, -0.00260022, 0.0110471, -0.0105072, 0.840706, -0.0103194, 0.0105394, 0.816, 0.0482306, -0.101364
553, 0.0115329, -0.0100148, 0.0115311, -0.0100132, 0.00331932, -0.00261968, 0.0111256, -0.0104276, 0.843518, -0.0103194, 0.0105394, 0.816, -0.0581095, -0.0054588
554, 0.0115329, -0.0100148, 0.0115284, -0.010011, 0.00330602, -0.00261851, 0.0112012, -0.010351, 0.846287, -0.0103194, 0.0105394, 0.816, -0.166488, 0.0923697
555, 0.0115329, -0.0100148, 0.0115227, -0.0100062, 0.00326977, -0.00259669, 0.0112717, -0.0102795, 0.848978, -0.0103194, 0.0105394, 0.816, -0.284559, 0.19857
556, 0.0115329, -0.0100148, 0.0115157, -0.0100001, 0.00321048, -0.00255419, 0.0113352, -0.0102152, 0.851556, -0.0103194, 0.0105394, 0.816, -0.430405, 0.328489
557, 0.0115329, -0.0100148, 0.0115122, -0.00999709, 0.003128, -0.00249091, 0.0113903, -0.0101594, 0.853986, -0.0103194, 0.0105394, 0.816, -0.635012, 0.508521
558, 0.0115329, -0.0100148, 0.0115228, -0.0100061, 0.00302211, -0.00240666, 0.011436, -0.010113, 0.856234, -0.0103194, 0.0105394, 0.816, -0.935618, 0.770443
559, 0.0115329, -0.0100148, 0.0115648, -0.010042, 0.00289247, -0.00230119, 0.011472, -0.0100765, 0.858264, -0.0103194, 0.0105394, 0.816, -1.3497, 1.12918
560, 0.0115329, -0.0100148, 0.0116586, -0.0101221, 0.0027386, -0.00217408, 0.0114985, -0.0100497, 0.860043, -0.0103194, 0.0105394, 0.816, -1.81732, 1.53355
561, 0.0115329, -0.0100148, 0.0118133, -0.0102542, 0.0025598, -0.00202476, 0.0115164, -0.0100316, 0.861535, -0.0103194, 0.0105394, 0.816, -2.10635, 1.78537
562, 0.0115329, -0.0100148, 0.0119951, -0.0104095, 0.00235515, -0.00185246, 0.0115268, -0.0100211, 0.862706, -0.0103194, 0.0105394, 0.816, -1.70156, 1.44462
563, 0.0115329, -0.0100148, 0.0120758, -0.0104784, 0.00212364, -0.00165631, 0.0115316, -0.0100162, 0.863521, -0.0103194, 0.0105394, 0.816, 0.243923, -0.21185
564, 0.0115329, -0.0100148, 0.0117719, -0.0102189, 0.00186452, -0.00143568, 0.0115329, -0.0100149, 0.863945, -0.0103194, 0.0105394, 0.816, 4.72065, -4.02995
565, 0.0115329, -0.0100148, 0.0106194, -0.00923464, 0.00157814, -0.00119087, 0.0115329, -0.0100148, 0.864, -0.0103194, 0.0105394, 0.816, 12.1548, -10.3736
566, 0.0107506, -0.00934672, 0.00807815, -0.00706451, 0.00126716, -0.000924155, 0.0115329, -0.0100148, 0.864, -0.0103194, 0.0105394, 0.816, 20.8506, -17.7946
567, 0.00561835, -0.00496393, 0.00392311, -0.00351622, 0.000937927, -0.00064094, 0.0115329, -0.0100148, 0.864, -0.0103194, 0.0105394, 0.816, 25.8827, -22.0869
568, -0.00176705, 0.00134301, -0.00116314, 0.000827298, 0.000600789, -0.000350068, 0.0115329, -0.0100148, 0.864, -0.0103194, 0.0105394, 0.816, 24.1281, -20.5836
569, -0.0084014, 0.00700856, -0.00592267, 0.00489182, 0.000268423, -6.23528e-05, 0.0115329, -0.0100148, 0.864, -0.0103194, 0.0105394, 0.864, 16.6993, -14.2345
570, -0.0112805, 0.0094672, -0.00930249, 0.00777809, -4.73012e-05, 0.00021208, 0.0115329, -0.0100148, 0.864, -0.0103198, 0.010539, 0.864216, 8.16279, -6.93944
571, -0.0112805, 0.0094672, -0.0110909, 0.00930532, -0.000337928, 0.000466023, 0.0115329, -0.0100148, 0.864, -0.0103224, 0.010536, 0.864839, 2.16971, -1.81628
572, -0.0112805, 0.0094672, -0.0117501, 0.0098683, -0.000599062, 0.000695738, 0.0115329, -0.0100148, 0.864, -0.0103294, 0.0105282, 0.865837, -0.915934, 0.824096
573, -0.0112805, 0.0094672, -0.0118123, 0.00992144, -0.000829342, 0.000900083, 0.0115329, -0.0100148, 0.864, -0.0103426, 0.0105134, 0.867173, -1.94728, 1.71028
574, -0.0112805, 0.0094672, -0.0116548, 0.00978687, -0.00102906, 0.00107933, 0.0115329, -0.0100148, 0.864, -0.0103636, 0.0104901, 0.868813, -1.8973, 1.67317
575, -0.0112805, 0.0094672, -0.0114767, 0.00963481, -0.00119913, 0.00123428, 0.0115329, -0.0100148, 0.864, -0.0103932, 0.010457, 0.870722, -1.45297, 1.29946
576, -0.0112805, 0.0094672, -0.0113515, 0.00952785, -0.00134048, 0.00136575, 0.0115329, -0.0100148, 0.864, -0.0104321, 0.0104137, 0.872865, -0.975787, 0.89787
577, -0.0112805, 0.0094672, -0.0112858, 0.00947177, -0.00145386, 0.00147442, 0.0115329, -0.0100148, 0.864, -0.01048, 0.0103602, 0.875209, -0.597604, 0.581011
578, -0.0112805, 0.0094672, -0.011262, 0.00945149, -0.00153977, 0.00156074, 0.0115329, -0.0100148, 0.864, -0.0105365, 0.0102971, 0.877717, -0.329549, 0.358404
579, -0.0112805, 0.0094672, -0.0112603, 0.00945001, -0.00159852, 0.00162502, 0.0115329, -0.0100148, 0.864, -0.0106004, 0.0102259, 0.880356, -0.138892, 0.202088
580, -0.0112805, 0.0094672, -0.0112666, 0.00945536, -0.0016303, 0.00166746, 0.0115329, -0.0100148, 0.864, -0.01067, 0.0101482, 0.88309, 0.0104615, 0.081199
581, -0.0112805, 0.0094672, -0.0112734, 0.00946116, -0.00163518, 0.00168815, 0.0115329, -0.0100148, 0.864, -0.0107436, 0.0100662, 0.885885, 0.143179, -0.0254061
582, -0.0112805, 0.0094672, -0.0112777, 0.00946482, -0.00161315, 0.00168715, 0.0115329, -0.0100148, 0.864, -0.0108188, 0.00998228, 0.888706, 0.271511, -0.128286
583, -0.0112805, 0.0094672, -0.0112785, 0.00946564, -0.00156415, 0.00166443, 0.0115329, -0.0100148, 0.864, -0.0108934, 0.009899, 0.891518, 0.399937, -0.231304
584, -0.0112805, 0.0094672, -0.0112757, 0.00946359, -0.00148802, 0.00161994, 0.0115329, -0.0100148, 0.864, -0.0109652, 0.00981886, 0.894287, 0.531446, -0.336815
585, -0.0112805, 0.0094672, -0.0112698, 0.009459, -0.00138458, 0.00155355, 0.0115329, -0.0100148, 0.864, -0.0110322, 0.00974413, 0.896978, 0.674045, -0.450928
586, -0.0112805, 0.0094672, -0.0112624, 0.00945328, -0.00125353, 0.00146509, 0.0115329, -0.0100148, 0.864, -0.0110926, 0.00967681, 0.899556, 0.846587, -0.588143
587, -0.0112805, 0.0094672, -0.0112588, 0.00945043, -0.00109455, 0.00135433, 0.0115329, -0.0100148, 0.864, -0.0111449, 0.00961842, 0.901986, 1.08135, -0.773377
588, -0.0112805, 0.0094672, -0.0112698, 0.00945897, -0.000907178, 0.00122096, 0.0115329, -0.0100148, 0.864, -0.0111884, 0.00956994, 0.904234, 1.4171, -1.03663
589, -0.0112805, 0.0094672, -0.0113135, 0.0094928, -0.000690864, 0.00106458, 0.0115329, -0.0100148, 0.864, -0.0112226, 0.00953176, 0.906264, 1.87209, -1.39201
590, -0.0112805, 0.0094672, -0.011411, 0.00956829, -0.00044487, 0.000884659, 0.0115329, -0.0100148, 0.864, -0.0112478, 0.00950366, 0.908043, 2.38406, -1.79132
591, -0.0112805, 0.0094672, -0.0115719, 0.00969278, -0.000168232, 0.000680468, 0.0115329, -0.0100148, 0.864, -0.0112647, 0.00948478, 0.909535, 2.71171, -2.04778
592, -0.0112805, 0.0094672, -0.0117609, 0.00983916, 0.000140254, 0.000451108, 0.0115329, -0.0100148, 0.864, -0.0112746, 0.00947372, 0.910706, 2.31935, -1.74668
593, -0.0112805, 0.0094672, -0.0118448, 0.00990412, 0.000481916, 0.000195576, 0.0115329, -0.0100148, 0.864, -0.0112792, 0.00946863, 0.911521, 0.326497, -0.206371
594, -0.0112805, 0.0094672, -0.0115289, 0.0096595, 0.000857804, -8.69142e-05, 0.0115329, -0.0100148, 0.864, -0.0112804, 0.00946725, 0.911945, -4.29679, 3.37049
595, -0.0112805, 0.0094672, -0.0103304, 0.00873168, 0.00126786, -0.000396296, 0.0115329, -0.0100148, 0.864, -0.0112805, 0.0094672, 0.912, -11.9936, 9.32692
596, -0.0104669, 0.0088374, -0.00768797, 0.00668597, 0.00170963, -0.00073064, 0.0115329, -0.0100148, 0.864, -0.0112805, 0.0094672, 0.912, -21.0004, 16.2977
597, -0.00513033, 0.00470591, -0.00336746, 0.00334113, 0.00217685, -0.00108508, 0.0115329, -0.0100148, 0.864, -0.0112805, 0.0094672, 0.912, -26.1958, 20.3177
598, 0.00254918, -0.0012394, 0.00192135, -0.000753351, 0.00265909, -0.00145154, 0.0115329, -0.0100148, 0.864, -0.0112805, 0.0094672, 0.912, -24.3322, 18.8731
599, 0.00944773, -0.0065801, 0.00687043, -0.00458482, 0.00314356, -0.00182006, 0.0115329, -0.0100148, 0.912, -0.0112805, 0.0094672, 0.912, -16.5663, 12.8591
